# Created by Octave 4.0.0, Thu Nov 12 17:07:27 2015 ART <mariavictoriamesaalcorta@Marias-MacBook-Pro.local>
# name: m
# type: scalar struct
# ndims: 2
 1 1
# length: 10
# name: iterError
# type: matrix
# rows: 1
# columns: 81
 0.4778491236005734 0.4660416207601495 0.4412583546073026 0.4370839001673643 0.4365359819405219 0.4363458159223221 0.4362702508480073 0.4361326480069572 0.4359663185635061 0.4357737570255935 0.4357151370212234 0.435700637047381 0.4354187352045534 0.4352393028801727 0.4350091055328985 0.4349416386563044 0.4346301915864929 0.4344100305924962 0.433969563224935 0.4335088727205553 0.4323727021892704 0.431530290466333 0.4276360187352869 0.4258897786552309 0.4256115229852964 0.4186191457579811 0.411093777626113 0.4082030715065178 0.4040913357067353 0.3994172216656322 0.3933277408317659 0.3929276497794729 0.3875338468908667 0.387342362041681 0.386839097292234 0.3860108874107829 0.3846360304530386 0.3835471099810103 0.3834705813031811 0.3832376969357444 0.3825001287406735 0.3821780125497636 0.3813488687647844 0.3811081081778221 0.380636346696769 0.3803963133807504 0.3802965656141691 0.3797941367664492 0.379226148900273 0.3790308887112166 0.3786740859782283 0.378414622145281 0.3781944003171578 0.3781493142663218 0.3777771671988088 0.3773561151089347 0.3768377314859671 0.3767281726981135 0.3760832934352628 0.3754606521900334 0.3752104115744891 0.3750815313493988 0.3737818445496075 0.3735570805858494 0.3726439273335664 0.3718815928838099 0.3715656483944977 0.3703378245868189 0.3702150138934708 0.369447700950556 0.3673101064211499 0.3668793613001356 0.3660200341875338 0.3649644635961292 0.3602364281341377 0.3579463062725668 0.3492981434666831 0.3459810296826202 0.3390580998746556 0.3351265629486041 0.3370900451159798


# name: epocsError
# type: matrix
# rows: 0
# columns: 0


# name: iter
# type: scalar
80


# name: epocs
# type: scalar
1000


# name: eta
# type: scalar
0.03303597369071106


# name: w
# type: cell
# rows: 1
# columns: 3
# name: <cell-element>
# type: matrix
# rows: 9
# columns: 3
 -0.1459016792635666 -0.06617848827442524 0.03529560027013498
 4.274626689883824 0.5110253721709241 -1.297745043538418
 -2.313280092261222 -1.486012684581844 0.6378660847494452
 0.3489428101907014 1.810369412786863 -1.06184414781383
 -0.6295663851591212 -0.2255468038397657 -0.1274018213793204
 -0.9758946232824488 -0.1181000059954916 -0.1453123017267054
 -0.4606708421840767 -0.09224684017738337 0.01316132395102119
 0.2966036921739387 -0.6575577115267235 0.2055674645541571
 0.2546627469021716 -0.0544497030839001 0.04443158001898145



# name: <cell-element>
# type: matrix
# rows: 13
# columns: 10
 0.311189045438369 0.5389005330112161 0.4832410898314475 0.341580931610443 0.1677376710985875 0.002988667395501832 0.1792436750584168 0.0522505802601505 0.1040935517059723 0.1959541679622917
 -0.1064425495653643 0.9269237760891922 0.5878326247187647 0.421842766110175 0.2367842313751319 0.2309055328364721 0.03663173586151376 0.05745000133194721 -0.3242069468798798 0.3356030043122784
 -0.04792134314355944 0.5440478456074518 0.5928087865944114 0.7002409337619681 0.2544852329778006 0.09222091573991024 0.102731644305655 0.3830797830273537 0.1822260884511046 0.2586453661054275
 0.1823908291582312 0.3271756472389216 0.2819292145727249 0.23979683274898 0.01391372151225373 0.1827160013695849 0.1112898125513324 0.01545910404915977 0.3773082098473423 0.1663805579552848
 -0.09264472447220337 0.9947452386506298 0.802933201742825 0.5681898429959555 0.2528575578421717 0.3025941520954696 0.05279676965186771 -0.05371071730208391 -0.3376747340601252 0.3846528900916295
 0.1060118466993345 0.3518744511862196 0.3254366309234361 0.3625212348728877 -0.03144326797766226 0.3261802358508555 -0.001603913371412771 0.1855170316661666 0.3777635712811538 0.2125950265621355
 0.350617128985035 0.02178279213225938 0.004825301665910249 0.2273987660732071 0.1443336928858339 -0.2003168190770628 0.4140996595215855 0.09944297425529981 0.2036254783649421 0.09880396336514183
 -0.02960296081374819 -0.01430094069607443 -0.004371155700304111 0.2835671833846061 0.05440817786394248 0.0913408835394445 0.1984890550417824 0.2155834332958239 0.4469350809118273 0.1493323459176571
 0.08372643890793791 0.8868733075709843 0.7600151567820402 0.5652488765071991 0.04714498829736671 0.4313820835667801 0.2022965610521149 -0.0232628562824596 -0.02647061323736343 0.3890772321606974
 0.1321076032620631 0.2764869212680252 0.1878278380072642 0.3544132002032619 0.1861897487107422 0.1102862444306501 0.2116923842983844 0.1842645904417765 0.2775414872927106 0.2112505394322782
 -0.03178177534284705 0.2774079271745546 0.09920786439996652 0.1609782831390241 0.1645227021550769 0.1483065066257298 0.3123343763331983 0.05257555501721792 0.2710244915653467 0.1513269563825442
 0.2653913195433678 0.3027486634605968 0.3292995150752027 0.3124782513971557 -0.2177142515497992 0.1607545025288712 0.1780783220598313 0.3215465822947982 0.1015594311778912 0.119266979802732
 0.2315643765192303 0.2438029060189086 0.3630407228929212 0.5379842947621988 0.3365854643084452 -0.1223718621133222 0.06172714203991879 0.4594659439310661 0.2696270094808157 0.2110015947138492



# name: <cell-element>
# type: matrix
# rows: 1
# columns: 14
 -0.1549692420886291 -0.2833284276235726 -0.2621130513527396 -0.08748272247313808 -0.308603197869258 -0.1297447749747688 -0.01554592666650965 -0.03189726992711497 -0.2709700483360427 -0.101236412850604 -0.05779313975760141 -0.1280256712974586 -0.1549757680794383 -0.04870542049278596





# name: errorVector
# type: matrix
# rows: 1
# columns: 700
 0.1111129654216589 0.06604524305703316 0.268486136212997 0.1809146804436876 1.254732975650933 0.1634444265525304 0.8027818496057684 0.6875629915799513 0.2106739008647875 0.04413441861348279 0.01623271801478876 0.03529355299360618 0.003157535726387726 0.02617681981948707 0.2882964734630006 0.00486519171506244 0.1070433959513495 0.01804187020106374 0.1161177568984971 0.9470435335353786 0.00325045311487743 0.08303626988275926 0.8751220642971397 0.3496617612833411 0.07227692080554222 0.8726490194894007 0.135956437071369 0.1880811781264168 1.093207595784006 0.02611139889976142 0.06543130755053389 0.1805646786893275 0.04419422217621553 0.0246416872228902 0.1003846855631063 0.1202616337750497 0.08969538375402938 0.0004462689971130006 0.9250618310392655 1.367908109742444 0.4121631117865316 0.04048788736312745 0.01122528991477709 1.541178216505278 0.6795351531086122 0.2865548669414369 0.3801757982458669 0.1457307852248347 0.002991060112908948 0.28941355556318 0.01510441562600718 1.21766498429333 0.0667339029367037 0.0007229590535415178 0.5579051284487563 0.05216220366369677 0.3008438305175957 0.09401661801253865 0.007740416903075708 0.9316310110330988 0.9391744685931104 0.1062624223127727 1.916221899264677 0.3378407383934284 0.1595294239332268 1.013959543838003 0.1656330412317752 0.3668520201150873 0.05970869341240678 0.03146451521874043 0.2552400394111601 0.5642351576783066 0.0007639670695241176 0.2055101407519537 0.9184345816027866 0.08979987096962846 0.8362813192085989 0.1740923185138809 0.01235897840248376 0.5776330260303352 0.1411272471969532 0.002065043372305634 0.9723289173747317 0.415215260432931 0.1752078919479699 0.04006232367473856 0.0349711870849878 0.09243689644155574 0.00328326481606669 0.0328145802181776 0.6372109885774189 0.3239548304536725 1.681073577181478 0.4707287653637392 0.05244910316407912 1.09509738330465 1.271629821217541 0.4655815008178987 0.5182205643812959 0.2777895061379873 0.0508540848093775 0.04596417673138053 0.006504802951949959 0.3345589583447545 0.3788571916935224 0.01522089465743242 1.162481618999846 0.006312465656395078 0.1658682495895666 0.03996588743536027 0.4856197541291173 0.05335931810739381 0.09985748886800873 0.103988914364637 0.0004385577052706986 1.994618460885328 0.0982821050131711 0.1215081563080809 0.758944529319718 0.006184335491663419 0.2168782182278619 0.002653636411211403 0.0001754657832627523 0.8121062631728369 0.2140045802447803 0.001470537040413736 0.3623588006137728 0.5353069889121023 0.1633184858009372 0.2100095213598169 1.453373020814546 0.2120953511102859 0.03066410095123795 0.543380787110325 0.1998722360114222 0.01016351581051633 0.04313772833954218 0.6386465247940926 0.1031931233058634 0.1622823928890334 0.1286116223825917 0.01462008806453739 0.1684254345553284 0.2833951574319649 0.6820193796215834 0.006263801295314281 0.01565563568676463 0.5474630995141404 0.1748414147453544 0.9409114734512245 0.134879111364705 0.2401305101771182 0.1618815302931078 1.235191054755715 0.164265035929649 0.4986221621487661 0.0003546290370924046 0.7112146763556142 0.1606581747828974 0.4464844742314322 0.2691883729275139 0.0007567245625345927 0.03571057526678951 0.5988461430658722 0.3617251086478706 0.2804387654412899 0.9129580156464523 0.01390797970004828 0.4748516783244838 0.1132284832011292 0.15628712135894 0.0558678933113857 0.004964434653414428 0.0002976468935183594 0.03391545736961988 0.3641124042335699 0.3609062021291828 1.292834691747398 0.2199893817621028 0.008444735556119437 0.6989080989568967 0.7042341516472614 0.7885649190291573 0.4766846041372506 0.1402242507980839 0.5026259214263253 0.1090682561415225 0.09984764121825597 0.02128490829159754 0.005514829989532431 0.1666839648733067 0.008563383573397686 0.1219331092181617 0.136163833231132 0.03276184887197057 0.2996156932824373 0.3155347702879075 0.5322642238530281 0.01023991476910393 0.1620624820473121 0.08001306606917542 1.224870016235131 0.01570674031693898 0.938837267285891 0.4001480384162104 0.01760160663530758 0.1499304723727296 1.440369055875141 0.1078593870747755 0.1782982174815742 0.7620399193143403 0.3354503445266961 0.06573415946988227 0.07907118488321341 0.1926542505975003 2.517133297031185e-06 0.4777559419758425 0.2372839795740915 0.6511007754680775 0.03636299635936799 0.4906003182117754 0.01931659924096745 0.3823588007075576 0.2142871940042345 0.187172462003401 0.06592234171585587 0.0006899476676576822 0.506197119514889 0.0001367257444501833 0.1982602106681735 0.5556067677287625 0.05304292658141072 0.1592118463402477 0.02619834862130654 0.2509327383824651 0.2528395869117082 0.02356080101046755 0.7572072261561877 0.1002853497489373 0.6031115744392924 0.02394986833144237 0.0005136630923013302 0.2969086273948027 0.0833922194389469 0.1437976018126395 0.1600602431000494 0.9551767979142113 0.3296780075806161 0.01762696846174497 2.157625233299266 0.002105073362057445 0.1546149608346771 0.8113270591107622 1.801275488248206 0.09973521016256139 0.1348863802428104 0.2135937389445022 0.1579625549829078 0.001193855502431533 0.715408796199302 0.4217818963145218 0.2495842751560894 0.004563099900202721 0.8885689410650934 0.8205188659611917 0.02084251323037788 0.7338562924009686 0.0003186215263529313 0.01086521974999799 0.001605515177982389 0.2705901124145449 0.1762751826850431 0.03960820887921863 0.6321791256013549 0.5258314312330092 0.06947639168877484 0.3035632768769941 0.6256710787285291 0.06801130978627785 0.5325490535364982 0.4849732720520434 0.1124765932607199 0.08882187576454065 0.2561857300914389 0.1150952401661281 0.8637179119415838 0.1199399379210858 0.5453731791546844 0.2310447792116396 0.03870987179367231 0.04097643273900566 0.1595339992870059 0.5163699669747989 1.755811466261362 0.8086911757795413 0.01913443821499581 0.01064997752577869 0.07076759991187531 0.3860705530410543 0.5162689575049322 0.1862193939358838 0.1242282020881616 0.0274869967471397 0.1055269224177004 2.260841591873737e-05 0.09669517158331441 0.145777462747361 0.8457181991999136 0.2213714295289745 0.365401771117841 0.009025040086251929 0.1332190625687114 0.2289394056959821 0.01126509204402368 0.6593216183243554 0.0005583146672695921 0.125000305482324 0.1812717459258917 0.1002801145201328 0.02735127290370144 0.07761168072271611 0.6580666393233415 0.03819815451191854 0.04396049162461021 0.6478690651547634 0.2843816306417281 1.540228462952153 0.849132650189826 0.01269079939534363 7.830803038522523e-05 0.5981181555777022 0.03331351293211007 0.4823882487984019 1.101493686381175 0.2049476423942622 0.1966289296122355 0.1758179019545981 0.5149455040270331 0.04431314911066028 0.06864683060445247 0.1136395794663652 0.02985755707192761 0.2509191298633461 0.2813285218799832 0.0733495171396491 0.1339191655668338 0.07167610672776598 0.00876282830855913 0.01055815061896886 0.257825617813501 0.1309351639394241 0.006638176741076202 1.680298378923963 0.1152512396727982 0.9682851002384343 0.02386005355764455 0.1130903564201824 0.1768676535624912 0.006414045646985479 0.6867001057947533 0.02546674481964936 0.5892519118225571 0.1135499085307366 0.431382885067193 0.1110315796803335 0.02880226441182207 1.169352140691258 0.1981397788823811 0.6460712440863227 0.05751272256544214 0.4939835888571206 0.1158362232662057 0.1412511522737553 0.005855169415931491 0.03005390840814656 0.05678345918023996 0.2489906820893529 0.620110976732267 0.1419490368624561 0.1145548055943134 0.5287057585821457 0.1773736831753336 0.08425927443996512 2.013327293784866 0.9419209938567886 0.5266250443544658 0.2411158865010556 0.02759446048938381 0.8993090050833973 0.5389504247397546 0.4376359489400251 0.414501430846941 0.2425236255422554 0.06427416117419253 0.07913825005940059 0.9421145020473323 0.0454411636262983 0.09371748544204447 0.6736403421900125 0.08731556864997643 0.03532715108565626 0.9097299833943923 1.013070301245146 0.3391213247581369 0.03042734819770956 1.077367972374359 0.5840954664894857 0.1791765496244774 0.007948519660477882 0.004833020178835952 0.04293352500596691 0.03017801216471478 0.01154272401294044 0.2877673843911143 0.4699784613811848 0.01447583792335422 0.07615303340567028 0.4504252488642102 1.683406495840456 0.02332857643209112 0.004741031982535919 0.01380710974759109 0.1301155648047687 0.01991265713937061 0.06667466636533438 0.5850427869915776 0.02919989125360269 0.3571685848509786 1.112942511519188 0.03879257790482077 0.5926700965662145 0.05022114246971631 0.03025910340963441 0.1400596380931768 1.440513791319142 0.09770373818510945 0.397510496418485 0.5148584866514955 0.1546409539114394 0.6530879029542284 0.005605809569501794 0.2854092178610079 0.1662805900260271 0.05615868344467249 0.02898960343344721 0.1347172039996612 0.2747533661327666 0.8822493807000723 0.7674761256394459 0.4901923031743064 1.105740186964642 0.03662000077141297 0.7100803567357769 0.08878951047729612 0.006750657847019995 0.5014480470107622 0.5151048725731322 0.1327903727199971 0.1392021291129867 0.02334943017600461 0.594498776490538 0.8598973585848777 0.1969035581589333 0.195251541510273 0.05085238154207757 0.3854176647115887 0.1137219797279163 0.0002916829987420009 0.06960756417956356 0.01928864169801956 0.1105417677607715 0.01047710806454041 0.5377034826989801 0.5019326652927549 0.0334256861641159 0.1632301267803019 1.149279647455371 0.335806058352945 0.1929228260835565 0.6606350059281435 0.0822420019585314 0.3183943760835782 1.151699392532463 0.2064644357342989 0.5297187244544399 0.03730680358254314 0.01008566622978903 0.0002255036921858017 9.549977777608678e-08 1.782562279319445 0.01331025388481895 0.4914769105073812 0.03249468515962838 0.02421311262108589 0.0009890177440965552 0.07665104829631529 0.001868446204558193 0.2426882670605968 1.337732307505539 0.3056001338490584 0.1060335238229052 0.4874390581151615 0.2044789416550186 0.007698941678568941 0.6966505148391329 0.2118049188939436 0.001217506862417797 0.1711601497731919 0.1121538209519999 1.075840195824661 0.3136504051239592 0.04479085949034124 0.03831372740741558 0.7940651397870937 0.1788263003534188 0.5183725862327141 0.6098085490762942 0.1093915951104254 0.1297839503953778 0.193159948095109 0.009890154462706314 0.8969481294666756 0.689611339981038 1.013718733595537 0.1623310194113361 0.2623442334408151 0.05634497990601305 0.1182998779322186 0.3326155116810326 0.3662728305021494 0.9134164372391186 0.6342736767176842 0.7062988694834073 1.506461541810077 0.6784629503411675 1.338983634004029 0.3234846580356592 0.5208945608661339 0.06654093962803159 0.2559389009676137 0.03177227816027534 0.2530398059635375 0.01595741627116221 0.3496880304775937 0.877861251121813 0.7310393045835859 0.106309033231351 0.2413163866165265 0.0575660106038012 0.007302989206354722 0.194599820879517 0.09489769208760185 0.05802990234271992 1.502625977581599 0.09946045092590931 0.02687343988601981 0.7983964530689686 0.7963556689919757 0.003785986501759944 0.1462468782847216 0.7138844476776743 0.6572980813580116 0.5663360171020733 0.4077409525670768 0.2017234039938186 0.279953889563363 0.6446881915450371 0.09352048644458372 0.04333673686562842 1.303090788050777 0.6723625931550415 0.003592527837203385 2.164820077885442 0.412657135784306 0.09914178782187408 0.3842975555156749 0.015213290799807 0.7132505184082253 0.3985282160123703 0.1513124092167377 0.9270089710644791 0.9206157914986803 0.2597761578084145 0.6517696900468494 0.5732142919074714 0.01358896184182989 0.1456707933526454 0.5264421311307784 0.1879748614557981 0.005138433937449946 0.06911441218097332 0.2087639812711879 1.482280712400107 0.6742116819776721 0.6281657708428425 0.02474059396445683 0.004217438998047221 0.436423267881577 1.252255658458504 0.2200836810469027 1.04613104370548 0.540713388498626 0.2370332905381063 0.4725850046731775 1.830093792146969 0.3029375340650025 0.1456641690990469 0.02724866010878353 0.09408491287038601 0.1627401993239307 0.4073540860610627 0.08494349458685152 0.4629003445929099 0.4527627147236651 0.5715112529122287 0.07168692647068828 0.1925944945506853 0.05382084247944167 0.4109366749995615 0.02294280291002975 0.02303343143936436 0.2572959611151993 0.0001290081528615921 0.05821775925975712 0.6321642085177421 0.6822434542158656 0.4681768610414082 0.04798940627186681 0.2519573231401504 0.05792101360378648 0.5090196716261985 0.07950917815458405 1.638583509885682 0.5421976584103615 0.08052037115034053 0.6460056258595205 0.02624027550920269 0.3453745562413409 0.7782817863048961 0.0350442256915488 0.0185299976468487 0.2376346928166825 0.09862634670668796 0.1816258018449347 0.3045144251197502 0.1681985036137816 0.08409672905876266 0.6642585030748082 0.4404967953807308 0.2100585248181391 0.087586593307768 0.08024051987639047 0.04985340695957977 0.1086321805505452 0.633709158604194 0.2734243205182906 0.0388183515331972 0.3967601747003928 0.03178018501414596 0.007327971417615401 0.673251765677204 0.05733388059691483 0.01138868637172516 0.1395464333971466 0.08007323346433742 7.716021109012396e-06 0.0007690304333833042 0.7236500976736526 0.5460931585057441 0.5824096044521203 0.03283398362290035 0.01738051165284518 0.02186032541414176 0.006822643361830361 0.004930637903593837 0.1411043328885054 0.06292171654845018 0.02802483305730085 0.1786690941761632 0.4525940000267148 0.6053950558347811 0.1798575216812266 0.346905432012051 0.02564540450422446 0.1053123746660156 0.1455446711846512 0.02222084596202629 1.469722126033401e-05 0.1202223853425012 0.1279219659523045 0.1948917342535711 0.03287371884261062 0.6952873420358325 0.663965486311801 0.001596300049912456 0.3858218684607389 0.8607866426733887 0.4127355908479421 0.377026706715145 0.753160527254203


# name: test
# type: scalar struct
# ndims: 2
 1 1
# length: 8
# name: meanError
# type: scalar
0.3495552903360367


# name: result
# type: matrix
# rows: 1
# columns: 298
 0.07745413337975751 0.2206818803045573 -0.2802255171798758 -0.2794874054661821 0.1231237452993903 -0.3698421406665517 -0.005348662024873176 0.6376398921275265 -0.4236235151800952 0.1124847837631263 -0.07982847648846134 0.05565242637194782 -0.3757699522817971 0.1558083377427094 -0.5718797626497182 0.08406128382000778 0.2441937358342646 0.5846983788723505 -0.2519410572988329 0.0853793256357107 -0.2014793039931706 0.1410701285802216 0.01195874006024307 0.1296305115720833 -0.3871724465983329 0.4094511642716397 0.1259139734383125 0.2575891207726499 -0.09200922793316563 -0.2084326343179598 -0.3394128268968622 0.03842392061762831 0.6118407620746503 0.2947750557897637 0.1290773471807578 0.06491553445470929 0.05690893560377714 -0.4009499140078605 -0.003483130245970645 0.1397574332341259 -0.03857618297767428 -0.2775969281111628 0.2232697062506943 -0.4350469893676446 0.3483570343316408 0.06394918467961792 -0.5730749476470911 -0.3504431592432908 -0.2417094169183937 0.01974525406519288 -0.09098706590874843 0.2910647529267625 -0.1440003672792113 0.1090377247433371 -0.4820337038693968 -0.146362234055044 0.03066268453793937 0.145903913854536 0.008862563698451342 -0.3363943253625567 0.02365656949202454 -0.05981262946194468 0.6639490223182198 0.6344702669399938 -0.4664581201648004 -0.4625477243199755 0.6357774587342435 -0.4809713142389444 0.004184542104348967 0.08433852015099472 0.4005300045598126 0.03613654125136217 0.6357056774009336 0.003378837833342634 -0.2773237895608015 0.103623532416383 -0.06295636042070614 -0.3975088731766011 0.311967993256229 0.6493943360268484 0.1352992993782689 0.08956065415033429 0.1459678842707473 -0.2449216259199586 -0.3035855997368336 0.5616790378958241 0.1393494674522505 -0.2093613468547831 -0.3771448505213139 0.6645760760913002 -0.1323275787200809 -0.4833925744408309 0.2475030220714179 -0.4669297765988374 0.5500714453402267 -0.2020242628014391 -0.1912766459760033 0.1514829214092519 0.4009101718563146 -0.02389943976649267 0.4861547105526938 0.2294608343940996 -0.2398503090654285 0.03221483126724869 0.2481645937321055 -0.3936428951300736 0.07833299399197309 0.6582919188723279 0.6428887059438873 -0.393845498987395 0.1794890013569841 0.1275804743990892 0.006848348700104957 -0.1574071699514112 -0.2894323721065453 -0.06635465666902805 0.09682534780716386 -0.4888481650393456 -0.2198406833099514 0.1726996933910049 -0.5841331726868544 -0.006281159968005606 0.02565242883893341 -0.4953663126782043 0.1907180809372004 0.6248361171037584 0.08462846670618265 -0.005210225219747862 -0.1324263145403137 0.4133854237367491 -0.1688852328102485 0.2971099643963347 0.3810181308499018 0.2792005402121457 0.5847932016527893 0.01894386024031489 0.09560020025867277 0.6443924330845838 0.06207603476140923 -0.3261731856981551 -0.1293711332470556 0.1345537969665039 -0.2120252669510402 0.08412793523995676 -0.2082453667131065 -0.1987086358143181 -0.1253016085473013 0.07065378522810872 -0.02054862450497263 0.05703372924573397 -0.5684240707853551 0.3928430685683969 0.6410118504395468 -0.08648359110766463 0.04674803825027149 0.1011454979737441 -0.01982606355660953 -0.4658712358243512 -0.4108219831216568 0.4030737647182024 0.01288884537380321 -0.6166021568189192 0.4379187741473123 0.05239424796269697 0.01934726345327347 -0.2589938045176759 0.1213540359628059 0.03860150164170464 0.004570258810684494 -0.2736105619590657 -0.3364577966670127 0.07665846799916441 0.06344406970149735 0.01406154426036202 0.0823774935066143 -0.5118431833977996 0.3141002671253189 -7.049711518397122e-05 0.01939363807154116 -0.3880200263798068 -0.5327444538815767 0.611915919499983 0.09882900702321736 0.1092972112234589 -0.4357243165014598 0.07253817347825441 -0.03225907094886231 -0.2331990184687288 -0.3974101990004534 0.2912076599016594 0.01756279341440201 0.09325502583801509 -0.1704150387171059 0.3643808927526915 0.1186748793678267 0.04851097362286193 0.04808687398594358 -0.390866980403741 -0.5436321223951688 0.595993019760879 0.4279174380892161 0.4824678924327186 0.06745818788013397 0.2852485265432934 0.06622515218825406 -0.04288105767479587 -0.004054685246394272 -0.1103325369542615 0.172198734186132 0.1479540960203581 -0.00217988975576012 0.02773710092177237 -0.3842820226139009 -0.2632501936305457 0.2863752046678068 -0.273615618344258 0.0463980771198786 0.06420760305678207 0.3926371775640203 -0.2770817713433437 -0.2166671257262086 0.2247357560930751 0.09141643033184571 0.3229716807119635 0.02715915546467096 0.6405328273876617 -0.2800441514172305 0.03238942023106538 -0.1085246014568488 0.6150569960709873 0.04407592811651796 0.3080009942363724 0.1655667351415976 0.5921491955850908 0.08355859324313139 0.06348830117594063 -0.5431464507423946 -0.002603602621564057 0.2263032837334963 0.003020370770919636 -0.5305288544988398 -0.04910709042005139 -0.09957990521844109 0.0444308090842874 -0.1787263410763429 0.3300008645478354 0.539590047272332 0.6201122196082832 -0.005395823421337453 -0.2703964792486502 0.1388135773538143 0.06275321951070742 0.6326185569643703 0.02421573277811213 0.6429689692136626 -0.1341209256758025 0.1767292805736116 -0.2998485235953215 0.1238570975472807 0.07071392680514699 -0.5270655541913198 0.1457209104234381 -0.2693480934894039 -0.08287522093353833 0.4239088117017215 -0.3653649445499543 0.5164208823467222 0.120186418354827 0.1563635288977756 -0.2633555608928931 -0.1332735830313334 0.1287998715206983 -0.3090891716594511 0.06683707544164388 0.1009334190196209 0.6836734120870475 -0.3909483811015787 0.06813227231067467 -0.3043197672937782 -0.1276151430594288 0.2223629546781605 0.1915760735853631 -0.05455499230421036 0.2695635102443185 0.0164336325165495 0.3590081529987746 0.03344416748768755 0.6403585463858373 0.3601699550719999 0.03936359714092522 0.5708163562396773 0.09205059247183774 0.5354168370537385 0.6188265806744927 -0.4729662125677583 -0.060682410025492 0.5828986958798661 -0.005740390062006339


# name: diez_good
# type: scalar
1.677852348993289


# name: diez_bad
# type: scalar
98.3221476510067


# name: cinco_good
# type: scalar
0.6711409395973155


# name: cinco_bad
# type: scalar
99.32885906040269


# name: uno_good
# type: scalar
0


# name: uno_bad
# type: scalar
100




# name: trainedNetwork
# type: scalar struct
# ndims: 2
 1 1
# length: 8
# name: iterError
# type: matrix
# rows: 1
# columns: 81
 0.4778491236005734 0.4660416207601495 0.4412583546073026 0.4370839001673643 0.4365359819405219 0.4363458159223221 0.4362702508480073 0.4361326480069572 0.4359663185635061 0.4357737570255935 0.4357151370212234 0.435700637047381 0.4354187352045534 0.4352393028801727 0.4350091055328985 0.4349416386563044 0.4346301915864929 0.4344100305924962 0.433969563224935 0.4335088727205553 0.4323727021892704 0.431530290466333 0.4276360187352869 0.4258897786552309 0.4256115229852964 0.4186191457579811 0.411093777626113 0.4082030715065178 0.4040913357067353 0.3994172216656322 0.3933277408317659 0.3929276497794729 0.3875338468908667 0.387342362041681 0.386839097292234 0.3860108874107829 0.3846360304530386 0.3835471099810103 0.3834705813031811 0.3832376969357444 0.3825001287406735 0.3821780125497636 0.3813488687647844 0.3811081081778221 0.380636346696769 0.3803963133807504 0.3802965656141691 0.3797941367664492 0.379226148900273 0.3790308887112166 0.3786740859782283 0.378414622145281 0.3781944003171578 0.3781493142663218 0.3777771671988088 0.3773561151089347 0.3768377314859671 0.3767281726981135 0.3760832934352628 0.3754606521900334 0.3752104115744891 0.3750815313493988 0.3737818445496075 0.3735570805858494 0.3726439273335664 0.3718815928838099 0.3715656483944977 0.3703378245868189 0.3702150138934708 0.369447700950556 0.3673101064211499 0.3668793613001356 0.3660200341875338 0.3649644635961292 0.3602364281341377 0.3579463062725668 0.3492981434666831 0.3459810296826202 0.3390580998746556 0.3351265629486041 0.3370900451159798


# name: epocsError
# type: matrix
# rows: 0
# columns: 0


# name: iter
# type: scalar
80


# name: epocs
# type: scalar
1000


# name: eta
# type: scalar
0.03303597369071106


# name: w
# type: cell
# rows: 1
# columns: 3
# name: <cell-element>
# type: matrix
# rows: 9
# columns: 3
 -0.1459016792635666 -0.06617848827442524 0.03529560027013498
 4.274626689883824 0.5110253721709241 -1.297745043538418
 -2.313280092261222 -1.486012684581844 0.6378660847494452
 0.3489428101907014 1.810369412786863 -1.06184414781383
 -0.6295663851591212 -0.2255468038397657 -0.1274018213793204
 -0.9758946232824488 -0.1181000059954916 -0.1453123017267054
 -0.4606708421840767 -0.09224684017738337 0.01316132395102119
 0.2966036921739387 -0.6575577115267235 0.2055674645541571
 0.2546627469021716 -0.0544497030839001 0.04443158001898145



# name: <cell-element>
# type: matrix
# rows: 13
# columns: 10
 0.311189045438369 0.5389005330112161 0.4832410898314475 0.341580931610443 0.1677376710985875 0.002988667395501832 0.1792436750584168 0.0522505802601505 0.1040935517059723 0.1959541679622917
 -0.1064425495653643 0.9269237760891922 0.5878326247187647 0.421842766110175 0.2367842313751319 0.2309055328364721 0.03663173586151376 0.05745000133194721 -0.3242069468798798 0.3356030043122784
 -0.04792134314355944 0.5440478456074518 0.5928087865944114 0.7002409337619681 0.2544852329778006 0.09222091573991024 0.102731644305655 0.3830797830273537 0.1822260884511046 0.2586453661054275
 0.1823908291582312 0.3271756472389216 0.2819292145727249 0.23979683274898 0.01391372151225373 0.1827160013695849 0.1112898125513324 0.01545910404915977 0.3773082098473423 0.1663805579552848
 -0.09264472447220337 0.9947452386506298 0.802933201742825 0.5681898429959555 0.2528575578421717 0.3025941520954696 0.05279676965186771 -0.05371071730208391 -0.3376747340601252 0.3846528900916295
 0.1060118466993345 0.3518744511862196 0.3254366309234361 0.3625212348728877 -0.03144326797766226 0.3261802358508555 -0.001603913371412771 0.1855170316661666 0.3777635712811538 0.2125950265621355
 0.350617128985035 0.02178279213225938 0.004825301665910249 0.2273987660732071 0.1443336928858339 -0.2003168190770628 0.4140996595215855 0.09944297425529981 0.2036254783649421 0.09880396336514183
 -0.02960296081374819 -0.01430094069607443 -0.004371155700304111 0.2835671833846061 0.05440817786394248 0.0913408835394445 0.1984890550417824 0.2155834332958239 0.4469350809118273 0.1493323459176571
 0.08372643890793791 0.8868733075709843 0.7600151567820402 0.5652488765071991 0.04714498829736671 0.4313820835667801 0.2022965610521149 -0.0232628562824596 -0.02647061323736343 0.3890772321606974
 0.1321076032620631 0.2764869212680252 0.1878278380072642 0.3544132002032619 0.1861897487107422 0.1102862444306501 0.2116923842983844 0.1842645904417765 0.2775414872927106 0.2112505394322782
 -0.03178177534284705 0.2774079271745546 0.09920786439996652 0.1609782831390241 0.1645227021550769 0.1483065066257298 0.3123343763331983 0.05257555501721792 0.2710244915653467 0.1513269563825442
 0.2653913195433678 0.3027486634605968 0.3292995150752027 0.3124782513971557 -0.2177142515497992 0.1607545025288712 0.1780783220598313 0.3215465822947982 0.1015594311778912 0.119266979802732
 0.2315643765192303 0.2438029060189086 0.3630407228929212 0.5379842947621988 0.3365854643084452 -0.1223718621133222 0.06172714203991879 0.4594659439310661 0.2696270094808157 0.2110015947138492



# name: <cell-element>
# type: matrix
# rows: 1
# columns: 14
 -0.1549692420886291 -0.2833284276235726 -0.2621130513527396 -0.08748272247313808 -0.308603197869258 -0.1297447749747688 -0.01554592666650965 -0.03189726992711497 -0.2709700483360427 -0.101236412850604 -0.05779313975760141 -0.1280256712974586 -0.1549757680794383 -0.04870542049278596





# name: errorVector
# type: matrix
# rows: 1
# columns: 700
 0.1111129654216589 0.06604524305703316 0.268486136212997 0.1809146804436876 1.254732975650933 0.1634444265525304 0.8027818496057684 0.6875629915799513 0.2106739008647875 0.04413441861348279 0.01623271801478876 0.03529355299360618 0.003157535726387726 0.02617681981948707 0.2882964734630006 0.00486519171506244 0.1070433959513495 0.01804187020106374 0.1161177568984971 0.9470435335353786 0.00325045311487743 0.08303626988275926 0.8751220642971397 0.3496617612833411 0.07227692080554222 0.8726490194894007 0.135956437071369 0.1880811781264168 1.093207595784006 0.02611139889976142 0.06543130755053389 0.1805646786893275 0.04419422217621553 0.0246416872228902 0.1003846855631063 0.1202616337750497 0.08969538375402938 0.0004462689971130006 0.9250618310392655 1.367908109742444 0.4121631117865316 0.04048788736312745 0.01122528991477709 1.541178216505278 0.6795351531086122 0.2865548669414369 0.3801757982458669 0.1457307852248347 0.002991060112908948 0.28941355556318 0.01510441562600718 1.21766498429333 0.0667339029367037 0.0007229590535415178 0.5579051284487563 0.05216220366369677 0.3008438305175957 0.09401661801253865 0.007740416903075708 0.9316310110330988 0.9391744685931104 0.1062624223127727 1.916221899264677 0.3378407383934284 0.1595294239332268 1.013959543838003 0.1656330412317752 0.3668520201150873 0.05970869341240678 0.03146451521874043 0.2552400394111601 0.5642351576783066 0.0007639670695241176 0.2055101407519537 0.9184345816027866 0.08979987096962846 0.8362813192085989 0.1740923185138809 0.01235897840248376 0.5776330260303352 0.1411272471969532 0.002065043372305634 0.9723289173747317 0.415215260432931 0.1752078919479699 0.04006232367473856 0.0349711870849878 0.09243689644155574 0.00328326481606669 0.0328145802181776 0.6372109885774189 0.3239548304536725 1.681073577181478 0.4707287653637392 0.05244910316407912 1.09509738330465 1.271629821217541 0.4655815008178987 0.5182205643812959 0.2777895061379873 0.0508540848093775 0.04596417673138053 0.006504802951949959 0.3345589583447545 0.3788571916935224 0.01522089465743242 1.162481618999846 0.006312465656395078 0.1658682495895666 0.03996588743536027 0.4856197541291173 0.05335931810739381 0.09985748886800873 0.103988914364637 0.0004385577052706986 1.994618460885328 0.0982821050131711 0.1215081563080809 0.758944529319718 0.006184335491663419 0.2168782182278619 0.002653636411211403 0.0001754657832627523 0.8121062631728369 0.2140045802447803 0.001470537040413736 0.3623588006137728 0.5353069889121023 0.1633184858009372 0.2100095213598169 1.453373020814546 0.2120953511102859 0.03066410095123795 0.543380787110325 0.1998722360114222 0.01016351581051633 0.04313772833954218 0.6386465247940926 0.1031931233058634 0.1622823928890334 0.1286116223825917 0.01462008806453739 0.1684254345553284 0.2833951574319649 0.6820193796215834 0.006263801295314281 0.01565563568676463 0.5474630995141404 0.1748414147453544 0.9409114734512245 0.134879111364705 0.2401305101771182 0.1618815302931078 1.235191054755715 0.164265035929649 0.4986221621487661 0.0003546290370924046 0.7112146763556142 0.1606581747828974 0.4464844742314322 0.2691883729275139 0.0007567245625345927 0.03571057526678951 0.5988461430658722 0.3617251086478706 0.2804387654412899 0.9129580156464523 0.01390797970004828 0.4748516783244838 0.1132284832011292 0.15628712135894 0.0558678933113857 0.004964434653414428 0.0002976468935183594 0.03391545736961988 0.3641124042335699 0.3609062021291828 1.292834691747398 0.2199893817621028 0.008444735556119437 0.6989080989568967 0.7042341516472614 0.7885649190291573 0.4766846041372506 0.1402242507980839 0.5026259214263253 0.1090682561415225 0.09984764121825597 0.02128490829159754 0.005514829989532431 0.1666839648733067 0.008563383573397686 0.1219331092181617 0.136163833231132 0.03276184887197057 0.2996156932824373 0.3155347702879075 0.5322642238530281 0.01023991476910393 0.1620624820473121 0.08001306606917542 1.224870016235131 0.01570674031693898 0.938837267285891 0.4001480384162104 0.01760160663530758 0.1499304723727296 1.440369055875141 0.1078593870747755 0.1782982174815742 0.7620399193143403 0.3354503445266961 0.06573415946988227 0.07907118488321341 0.1926542505975003 2.517133297031185e-06 0.4777559419758425 0.2372839795740915 0.6511007754680775 0.03636299635936799 0.4906003182117754 0.01931659924096745 0.3823588007075576 0.2142871940042345 0.187172462003401 0.06592234171585587 0.0006899476676576822 0.506197119514889 0.0001367257444501833 0.1982602106681735 0.5556067677287625 0.05304292658141072 0.1592118463402477 0.02619834862130654 0.2509327383824651 0.2528395869117082 0.02356080101046755 0.7572072261561877 0.1002853497489373 0.6031115744392924 0.02394986833144237 0.0005136630923013302 0.2969086273948027 0.0833922194389469 0.1437976018126395 0.1600602431000494 0.9551767979142113 0.3296780075806161 0.01762696846174497 2.157625233299266 0.002105073362057445 0.1546149608346771 0.8113270591107622 1.801275488248206 0.09973521016256139 0.1348863802428104 0.2135937389445022 0.1579625549829078 0.001193855502431533 0.715408796199302 0.4217818963145218 0.2495842751560894 0.004563099900202721 0.8885689410650934 0.8205188659611917 0.02084251323037788 0.7338562924009686 0.0003186215263529313 0.01086521974999799 0.001605515177982389 0.2705901124145449 0.1762751826850431 0.03960820887921863 0.6321791256013549 0.5258314312330092 0.06947639168877484 0.3035632768769941 0.6256710787285291 0.06801130978627785 0.5325490535364982 0.4849732720520434 0.1124765932607199 0.08882187576454065 0.2561857300914389 0.1150952401661281 0.8637179119415838 0.1199399379210858 0.5453731791546844 0.2310447792116396 0.03870987179367231 0.04097643273900566 0.1595339992870059 0.5163699669747989 1.755811466261362 0.8086911757795413 0.01913443821499581 0.01064997752577869 0.07076759991187531 0.3860705530410543 0.5162689575049322 0.1862193939358838 0.1242282020881616 0.0274869967471397 0.1055269224177004 2.260841591873737e-05 0.09669517158331441 0.145777462747361 0.8457181991999136 0.2213714295289745 0.365401771117841 0.009025040086251929 0.1332190625687114 0.2289394056959821 0.01126509204402368 0.6593216183243554 0.0005583146672695921 0.125000305482324 0.1812717459258917 0.1002801145201328 0.02735127290370144 0.07761168072271611 0.6580666393233415 0.03819815451191854 0.04396049162461021 0.6478690651547634 0.2843816306417281 1.540228462952153 0.849132650189826 0.01269079939534363 7.830803038522523e-05 0.5981181555777022 0.03331351293211007 0.4823882487984019 1.101493686381175 0.2049476423942622 0.1966289296122355 0.1758179019545981 0.5149455040270331 0.04431314911066028 0.06864683060445247 0.1136395794663652 0.02985755707192761 0.2509191298633461 0.2813285218799832 0.0733495171396491 0.1339191655668338 0.07167610672776598 0.00876282830855913 0.01055815061896886 0.257825617813501 0.1309351639394241 0.006638176741076202 1.680298378923963 0.1152512396727982 0.9682851002384343 0.02386005355764455 0.1130903564201824 0.1768676535624912 0.006414045646985479 0.6867001057947533 0.02546674481964936 0.5892519118225571 0.1135499085307366 0.431382885067193 0.1110315796803335 0.02880226441182207 1.169352140691258 0.1981397788823811 0.6460712440863227 0.05751272256544214 0.4939835888571206 0.1158362232662057 0.1412511522737553 0.005855169415931491 0.03005390840814656 0.05678345918023996 0.2489906820893529 0.620110976732267 0.1419490368624561 0.1145548055943134 0.5287057585821457 0.1773736831753336 0.08425927443996512 2.013327293784866 0.9419209938567886 0.5266250443544658 0.2411158865010556 0.02759446048938381 0.8993090050833973 0.5389504247397546 0.4376359489400251 0.414501430846941 0.2425236255422554 0.06427416117419253 0.07913825005940059 0.9421145020473323 0.0454411636262983 0.09371748544204447 0.6736403421900125 0.08731556864997643 0.03532715108565626 0.9097299833943923 1.013070301245146 0.3391213247581369 0.03042734819770956 1.077367972374359 0.5840954664894857 0.1791765496244774 0.007948519660477882 0.004833020178835952 0.04293352500596691 0.03017801216471478 0.01154272401294044 0.2877673843911143 0.4699784613811848 0.01447583792335422 0.07615303340567028 0.4504252488642102 1.683406495840456 0.02332857643209112 0.004741031982535919 0.01380710974759109 0.1301155648047687 0.01991265713937061 0.06667466636533438 0.5850427869915776 0.02919989125360269 0.3571685848509786 1.112942511519188 0.03879257790482077 0.5926700965662145 0.05022114246971631 0.03025910340963441 0.1400596380931768 1.440513791319142 0.09770373818510945 0.397510496418485 0.5148584866514955 0.1546409539114394 0.6530879029542284 0.005605809569501794 0.2854092178610079 0.1662805900260271 0.05615868344467249 0.02898960343344721 0.1347172039996612 0.2747533661327666 0.8822493807000723 0.7674761256394459 0.4901923031743064 1.105740186964642 0.03662000077141297 0.7100803567357769 0.08878951047729612 0.006750657847019995 0.5014480470107622 0.5151048725731322 0.1327903727199971 0.1392021291129867 0.02334943017600461 0.594498776490538 0.8598973585848777 0.1969035581589333 0.195251541510273 0.05085238154207757 0.3854176647115887 0.1137219797279163 0.0002916829987420009 0.06960756417956356 0.01928864169801956 0.1105417677607715 0.01047710806454041 0.5377034826989801 0.5019326652927549 0.0334256861641159 0.1632301267803019 1.149279647455371 0.335806058352945 0.1929228260835565 0.6606350059281435 0.0822420019585314 0.3183943760835782 1.151699392532463 0.2064644357342989 0.5297187244544399 0.03730680358254314 0.01008566622978903 0.0002255036921858017 9.549977777608678e-08 1.782562279319445 0.01331025388481895 0.4914769105073812 0.03249468515962838 0.02421311262108589 0.0009890177440965552 0.07665104829631529 0.001868446204558193 0.2426882670605968 1.337732307505539 0.3056001338490584 0.1060335238229052 0.4874390581151615 0.2044789416550186 0.007698941678568941 0.6966505148391329 0.2118049188939436 0.001217506862417797 0.1711601497731919 0.1121538209519999 1.075840195824661 0.3136504051239592 0.04479085949034124 0.03831372740741558 0.7940651397870937 0.1788263003534188 0.5183725862327141 0.6098085490762942 0.1093915951104254 0.1297839503953778 0.193159948095109 0.009890154462706314 0.8969481294666756 0.689611339981038 1.013718733595537 0.1623310194113361 0.2623442334408151 0.05634497990601305 0.1182998779322186 0.3326155116810326 0.3662728305021494 0.9134164372391186 0.6342736767176842 0.7062988694834073 1.506461541810077 0.6784629503411675 1.338983634004029 0.3234846580356592 0.5208945608661339 0.06654093962803159 0.2559389009676137 0.03177227816027534 0.2530398059635375 0.01595741627116221 0.3496880304775937 0.877861251121813 0.7310393045835859 0.106309033231351 0.2413163866165265 0.0575660106038012 0.007302989206354722 0.194599820879517 0.09489769208760185 0.05802990234271992 1.502625977581599 0.09946045092590931 0.02687343988601981 0.7983964530689686 0.7963556689919757 0.003785986501759944 0.1462468782847216 0.7138844476776743 0.6572980813580116 0.5663360171020733 0.4077409525670768 0.2017234039938186 0.279953889563363 0.6446881915450371 0.09352048644458372 0.04333673686562842 1.303090788050777 0.6723625931550415 0.003592527837203385 2.164820077885442 0.412657135784306 0.09914178782187408 0.3842975555156749 0.015213290799807 0.7132505184082253 0.3985282160123703 0.1513124092167377 0.9270089710644791 0.9206157914986803 0.2597761578084145 0.6517696900468494 0.5732142919074714 0.01358896184182989 0.1456707933526454 0.5264421311307784 0.1879748614557981 0.005138433937449946 0.06911441218097332 0.2087639812711879 1.482280712400107 0.6742116819776721 0.6281657708428425 0.02474059396445683 0.004217438998047221 0.436423267881577 1.252255658458504 0.2200836810469027 1.04613104370548 0.540713388498626 0.2370332905381063 0.4725850046731775 1.830093792146969 0.3029375340650025 0.1456641690990469 0.02724866010878353 0.09408491287038601 0.1627401993239307 0.4073540860610627 0.08494349458685152 0.4629003445929099 0.4527627147236651 0.5715112529122287 0.07168692647068828 0.1925944945506853 0.05382084247944167 0.4109366749995615 0.02294280291002975 0.02303343143936436 0.2572959611151993 0.0001290081528615921 0.05821775925975712 0.6321642085177421 0.6822434542158656 0.4681768610414082 0.04798940627186681 0.2519573231401504 0.05792101360378648 0.5090196716261985 0.07950917815458405 1.638583509885682 0.5421976584103615 0.08052037115034053 0.6460056258595205 0.02624027550920269 0.3453745562413409 0.7782817863048961 0.0350442256915488 0.0185299976468487 0.2376346928166825 0.09862634670668796 0.1816258018449347 0.3045144251197502 0.1681985036137816 0.08409672905876266 0.6642585030748082 0.4404967953807308 0.2100585248181391 0.087586593307768 0.08024051987639047 0.04985340695957977 0.1086321805505452 0.633709158604194 0.2734243205182906 0.0388183515331972 0.3967601747003928 0.03178018501414596 0.007327971417615401 0.673251765677204 0.05733388059691483 0.01138868637172516 0.1395464333971466 0.08007323346433742 7.716021109012396e-06 0.0007690304333833042 0.7236500976736526 0.5460931585057441 0.5824096044521203 0.03283398362290035 0.01738051165284518 0.02186032541414176 0.006822643361830361 0.004930637903593837 0.1411043328885054 0.06292171654845018 0.02802483305730085 0.1786690941761632 0.4525940000267148 0.6053950558347811 0.1798575216812266 0.346905432012051 0.02564540450422446 0.1053123746660156 0.1455446711846512 0.02222084596202629 1.469722126033401e-05 0.1202223853425012 0.1279219659523045 0.1948917342535711 0.03287371884261062 0.6952873420358325 0.663965486311801 0.001596300049912456 0.3858218684607389 0.8607866426733887 0.4127355908479421 0.377026706715145 0.753160527254203


# name: test
# type: scalar struct
# ndims: 2
 1 1
# length: 8
# name: meanError
# type: scalar
0.3495552903360367


# name: result
# type: matrix
# rows: 1
# columns: 298
 0.07745413337975751 0.2206818803045573 -0.2802255171798758 -0.2794874054661821 0.1231237452993903 -0.3698421406665517 -0.005348662024873176 0.6376398921275265 -0.4236235151800952 0.1124847837631263 -0.07982847648846134 0.05565242637194782 -0.3757699522817971 0.1558083377427094 -0.5718797626497182 0.08406128382000778 0.2441937358342646 0.5846983788723505 -0.2519410572988329 0.0853793256357107 -0.2014793039931706 0.1410701285802216 0.01195874006024307 0.1296305115720833 -0.3871724465983329 0.4094511642716397 0.1259139734383125 0.2575891207726499 -0.09200922793316563 -0.2084326343179598 -0.3394128268968622 0.03842392061762831 0.6118407620746503 0.2947750557897637 0.1290773471807578 0.06491553445470929 0.05690893560377714 -0.4009499140078605 -0.003483130245970645 0.1397574332341259 -0.03857618297767428 -0.2775969281111628 0.2232697062506943 -0.4350469893676446 0.3483570343316408 0.06394918467961792 -0.5730749476470911 -0.3504431592432908 -0.2417094169183937 0.01974525406519288 -0.09098706590874843 0.2910647529267625 -0.1440003672792113 0.1090377247433371 -0.4820337038693968 -0.146362234055044 0.03066268453793937 0.145903913854536 0.008862563698451342 -0.3363943253625567 0.02365656949202454 -0.05981262946194468 0.6639490223182198 0.6344702669399938 -0.4664581201648004 -0.4625477243199755 0.6357774587342435 -0.4809713142389444 0.004184542104348967 0.08433852015099472 0.4005300045598126 0.03613654125136217 0.6357056774009336 0.003378837833342634 -0.2773237895608015 0.103623532416383 -0.06295636042070614 -0.3975088731766011 0.311967993256229 0.6493943360268484 0.1352992993782689 0.08956065415033429 0.1459678842707473 -0.2449216259199586 -0.3035855997368336 0.5616790378958241 0.1393494674522505 -0.2093613468547831 -0.3771448505213139 0.6645760760913002 -0.1323275787200809 -0.4833925744408309 0.2475030220714179 -0.4669297765988374 0.5500714453402267 -0.2020242628014391 -0.1912766459760033 0.1514829214092519 0.4009101718563146 -0.02389943976649267 0.4861547105526938 0.2294608343940996 -0.2398503090654285 0.03221483126724869 0.2481645937321055 -0.3936428951300736 0.07833299399197309 0.6582919188723279 0.6428887059438873 -0.393845498987395 0.1794890013569841 0.1275804743990892 0.006848348700104957 -0.1574071699514112 -0.2894323721065453 -0.06635465666902805 0.09682534780716386 -0.4888481650393456 -0.2198406833099514 0.1726996933910049 -0.5841331726868544 -0.006281159968005606 0.02565242883893341 -0.4953663126782043 0.1907180809372004 0.6248361171037584 0.08462846670618265 -0.005210225219747862 -0.1324263145403137 0.4133854237367491 -0.1688852328102485 0.2971099643963347 0.3810181308499018 0.2792005402121457 0.5847932016527893 0.01894386024031489 0.09560020025867277 0.6443924330845838 0.06207603476140923 -0.3261731856981551 -0.1293711332470556 0.1345537969665039 -0.2120252669510402 0.08412793523995676 -0.2082453667131065 -0.1987086358143181 -0.1253016085473013 0.07065378522810872 -0.02054862450497263 0.05703372924573397 -0.5684240707853551 0.3928430685683969 0.6410118504395468 -0.08648359110766463 0.04674803825027149 0.1011454979737441 -0.01982606355660953 -0.4658712358243512 -0.4108219831216568 0.4030737647182024 0.01288884537380321 -0.6166021568189192 0.4379187741473123 0.05239424796269697 0.01934726345327347 -0.2589938045176759 0.1213540359628059 0.03860150164170464 0.004570258810684494 -0.2736105619590657 -0.3364577966670127 0.07665846799916441 0.06344406970149735 0.01406154426036202 0.0823774935066143 -0.5118431833977996 0.3141002671253189 -7.049711518397122e-05 0.01939363807154116 -0.3880200263798068 -0.5327444538815767 0.611915919499983 0.09882900702321736 0.1092972112234589 -0.4357243165014598 0.07253817347825441 -0.03225907094886231 -0.2331990184687288 -0.3974101990004534 0.2912076599016594 0.01756279341440201 0.09325502583801509 -0.1704150387171059 0.3643808927526915 0.1186748793678267 0.04851097362286193 0.04808687398594358 -0.390866980403741 -0.5436321223951688 0.595993019760879 0.4279174380892161 0.4824678924327186 0.06745818788013397 0.2852485265432934 0.06622515218825406 -0.04288105767479587 -0.004054685246394272 -0.1103325369542615 0.172198734186132 0.1479540960203581 -0.00217988975576012 0.02773710092177237 -0.3842820226139009 -0.2632501936305457 0.2863752046678068 -0.273615618344258 0.0463980771198786 0.06420760305678207 0.3926371775640203 -0.2770817713433437 -0.2166671257262086 0.2247357560930751 0.09141643033184571 0.3229716807119635 0.02715915546467096 0.6405328273876617 -0.2800441514172305 0.03238942023106538 -0.1085246014568488 0.6150569960709873 0.04407592811651796 0.3080009942363724 0.1655667351415976 0.5921491955850908 0.08355859324313139 0.06348830117594063 -0.5431464507423946 -0.002603602621564057 0.2263032837334963 0.003020370770919636 -0.5305288544988398 -0.04910709042005139 -0.09957990521844109 0.0444308090842874 -0.1787263410763429 0.3300008645478354 0.539590047272332 0.6201122196082832 -0.005395823421337453 -0.2703964792486502 0.1388135773538143 0.06275321951070742 0.6326185569643703 0.02421573277811213 0.6429689692136626 -0.1341209256758025 0.1767292805736116 -0.2998485235953215 0.1238570975472807 0.07071392680514699 -0.5270655541913198 0.1457209104234381 -0.2693480934894039 -0.08287522093353833 0.4239088117017215 -0.3653649445499543 0.5164208823467222 0.120186418354827 0.1563635288977756 -0.2633555608928931 -0.1332735830313334 0.1287998715206983 -0.3090891716594511 0.06683707544164388 0.1009334190196209 0.6836734120870475 -0.3909483811015787 0.06813227231067467 -0.3043197672937782 -0.1276151430594288 0.2223629546781605 0.1915760735853631 -0.05455499230421036 0.2695635102443185 0.0164336325165495 0.3590081529987746 0.03344416748768755 0.6403585463858373 0.3601699550719999 0.03936359714092522 0.5708163562396773 0.09205059247183774 0.5354168370537385 0.6188265806744927 -0.4729662125677583 -0.060682410025492 0.5828986958798661 -0.005740390062006339


# name: diez_good
# type: scalar
1.677852348993289


# name: diez_bad
# type: scalar
98.3221476510067


# name: cinco_good
# type: scalar
0.6711409395973155


# name: cinco_bad
# type: scalar
99.32885906040269


# name: uno_good
# type: scalar
0


# name: uno_bad
# type: scalar
100






# name: params
# type: scalar struct
# ndims: 2
 1 1
# length: 22
# name: patterns
# type: scalar
1000


# name: training
# type: scalar
700


# name: test
# type: scalar
298


# name: n
# type: scalar
2


# name: eta
# type: scalar
0.08


# name: alpha
# type: scalar
0.3


# name: arq
# type: matrix
# rows: 1
# columns: 4
 2 9 13 1


# name: maxEpocs
# type: scalar
1000


# name: adaptInc
# type: scalar
0.01


# name: adaptDec
# type: scalar
0.01


# name: adaptStep
# type: scalar
4


# name: adaptM
# type: scalar
700


# name: actFunct
# type: scalar
1


# name: delta
# type: scalar
1


# name: layers
# type: scalar
3


# name: w
# type: cell
# rows: 1
# columns: 3
# name: <cell-element>
# type: matrix
# rows: 9
# columns: 3
 0.1843959896222805 0.01578431353396461 0.3781393414086201
 0.4169007791222788 0.0842362997964157 0.1302060208865526
 0.3473499309446424 0.02870322930576199 0.2217184377890503
 0.2336595746280552 0.2505585314696315 0.1050693767914926
 0.2229534217052378 0.000981489670382607 0.4634010547510163
 0.29742637439153 0.03232995866976764 0.09105668309173068
 0.2858590118498636 0.2671069548413645 0.0277378790152242
 0.2854755210701895 0.04184067915444214 0.4270701984559695
 0.4613363013673656 0.3785658895815315 0.03496428002209841



# name: <cell-element>
# type: matrix
# rows: 13
# columns: 10
 0.4581387178356345 0.2241601882161861 0.4595691397601734 0.1229998660218188 0.3142128041788282 0.1112853681056599 0.3638065780621454 0.1377599599571598 0.3279188768129733 0.07938151261615448
 0.1282893409333377 0.4711901716381148 0.1601338081072181 0.07320458227226509 0.2862011288198347 0.1337524916416225 0.2467384983591294 0.06483340229855863 0.1839503212896065 0.08677263794151249
 0.1417678537929142 0.218270704387673 0.4288182494173153 0.4193893346208089 0.4249854199732976 0.1255302110417219 0.2246769709798036 0.4559708948783074 0.4005543332961852 0.3859635738756942
 0.3406136643934276 0.01673379929468468 0.4141816477653347 0.2300584035119683 0.2426154345167051 0.3394438854050977 0.278081002375791 0.006451786483395028 0.3878838469977609 0.4351296459622805
 0.1754684790359886 0.4822672673665689 0.2234869605515022 0.181628852795552 0.3400869010496298 0.1211729727050115 0.2370276062066527 0.07089542707327809 0.1717156366089911 0.3981570022655885
 0.261563424695009 0.1183659256555424 0.3748379448390089 0.2135927121155267 0.1827026233117719 0.4658274602174227 0.09345760592526661 0.2700857870891351 0.4602527653060913 0.3952745423601035
 0.4362001381079011 0.05454135858630429 0.3359851102496467 0.3826004726050212 0.3535000852812027 0.009958760913278542 0.4954345861485086 0.06427628157086304 0.06238898264236006 0.3159565027003198
 0.008957685373293634 0.06397052336164225 0.1094690499249645 0.4560357339133552 0.09971208208887308 0.1798432979551437 0.3285983735328453 0.1245678155471046 0.4918417374124562 0.3000992278583046
 0.2684145718889923 0.2720553469084009 0.4136754797327052 0.07431139643980525 0.2652124931900662 0.437571712157469 0.2702021728503082 0.3491719963223386 0.2853215678141423 0.4234303853555614
 0.2571149925933504 0.08413637721308539 0.3192263978661073 0.4580416056395494 0.323579516306203 0.2960345248429334 0.4518686236461444 0.08530681576493102 0.3857749314051338 0.1397440607300279
 0.05054014711671536 0.05160801847625498 0.1687284977249745 0.2056320510357293 0.2719788438846543 0.2521515510421825 0.4958422446480768 0.02224214543614824 0.3585125338782498 0.2073023232483835
 0.4083132528859438 0.08840071371144567 0.3739131174293087 0.06039000324909912 0.01415436143464718 0.2621081043594712 0.2085310723127667 0.4875843911532761 0.127714824954939 0.3883703418828385
 0.3380335446128905 0.1230554602144866 0.4123662630739539 0.4725659168186891 0.4646702300882665 0.01198405018326345 0.1987541334994829 0.4687553013388179 0.3915141293024272 0.09600462590620487



# name: <cell-element>
# type: matrix
# rows: 1
# columns: 14
 0.2022118572027889 0.2058612507004801 0.06782670846811792 0.3682895139479194 0.06991842870506529 0.3890145315141857 0.439548385846701 0.1727980531881126 0.03667099998375203 0.4431435706969744 0.02882595428495207 0.2236735297683924 0.01280642630379449 0.1583115925765674





# name: trainingInput
# type: matrix
# rows: 2
# columns: 700
 0.857725 -0.07829999999999999 -0.174625 0.850475 0.13305 -0.304875 -0.006 0.137225 -0.2049 -0.84955 0.223375 -0.269125 0.932975 0.55975 0.09555 -0.876425 -0.157875 0.216825 0.5233 -0.05445 0.944675 -0.5749 0.895 -0.945775 0.311175 0.32555 0.806225 0.042275 0.94945 0.2918 -0.9373 -0.436725 0.0711 -0.617225 -0.687825 -0.021425 0.21 0.0711 -0.350675 0.0181 0.6124000000000001 0.742325 0.215325 0.3032 0.76535 0.40585 0.8973 0.781525 0.90935 0.1908 -0.356325 -0.9349499999999999 0.249225 0.947875 -0.60795 0.4836 -0.42725 0.863225 0.4722 0.82665 -0.85485 0.566475 0.95 0.6839 -0.657875 0.71175 -0.924225 0.372275 -0.944025 -0.9079 0.493125 -0.22065 0.27455 -0.1856 -0.9421 -0.786525 0.949825 -0.04405 0.296875 -0.932975 -0.0492 -0.8979 -0.273825 0.120875 0.6127 -0.746825 -0.2395 0.199975 0.375375 0.633375 0.814225 -0.785025 -0.808125 0.484425 0.6592249999999999 -0.020075 -0.27645 -0.94365 0.24605 0.323375 0.86825 0.92985 -0.41605 -0.545625 0.588825 -0.6701 0.923825 -0.14115 0.9299500000000001 -0.143275 0.556125 0.683825 0.809975 -0.23985 0.2382 0.893875 0.5215 -0.4576 -0.885925 0.453725 0.94985 -0.95 0.2853 -0.742 0.69155 -0.244525 0.7207 0.938975 0.91675 0.2457 0.7726 0.9074 0.817275 -0.08715000000000001 -0.4054 -0.48835 0.8296249999999999 -0.88005 -0.926975 0.37485 0.754975 -0.380175 0.1969 -0.4671 -0.70425 0.8316750000000001 0.301175 0.002375 0.1841 0.878 -0.11055 0.779875 -0.9029 -0.830525 -0.9487 0.896325 -0.8898 -0.87165 0.9479 0.80455 0.9203750000000001 0.50695 -0.5935 -0.674975 0.903475 -0.38615 -0.82545 -0.9421 0.74685 0.331625 0.66855 0.480875 0.8132 0.6247 0.949175 0.58955 -0.8502999999999999 -0.442525 0.935175 0.079625 -0.408675 0.771475 -0.43555 0.286475 -0.776975 0.249075 -0.0197 -0.94765 -0.942825 -0.70105 -0.06525 0.844825 0.924 0.67725 -0.857125 -0.42905 0.546575 -0.16435 -0.04645 0.5892500000000001 0.94915 0.913225 -0.94685 0.0764 -0.88495 -0.949775 0.4043 -0.170075 -0.778975 -0.052375 -0.706075 0.7461 -0.41695 -0.537625 0.262825 0.012975 0.261325 0.9359499999999999 -0.927675 0.88015 0.88675 0.759425 0.480875 0.913625 -0.1006 -0.884625 -0.143975 -0.91635 -0.286375 -0.31805 0.755525 -0.8160500000000001 0.522425 0.32 -0.828075 0.24025 0.9091 -0.894875 -0.317525 0.206775 0.8128 -0.014875 0.2689 0.005 0.79575 0.6244 -0.944775 0.9424 0.30385 0.935375 -0.1336 0.6502 0.3731 0.934025 0.37645 0.8659249999999999 -0.709525 -0.82335 0.779975 0.920425 -0.830175 0.201975 -0.1781 -0.184125 0.2821 0.429275 -0.77095 -0.3614 0.121225 0.6132 0.758525 0.8017 -0.505425 0.46425 0.9271 0.902825 -0.318075 -0.033075 -0.7973749999999999 -0.62985 -0.845075 0.250775 0.7811 0.459575 0.8891250000000001 -0.6664 0.879225 0.436525 0.94615 0.1204 0.903425 0.051525 0.792725 0.8747 0.65305 -0.93965 -0.91975 -0.09947499999999999 0.7887999999999999 0.4481 -0.8607 0.216475 0.9492 -0.867525 -0.2072 -0.949925 0.925175 0.332025 -0.25045 -0.4923 0.09455 0.22295 -0.157275 -0.61375 0.15805 -0.510825 0.496375 -0.26455 -0.637625 -0.51105 0.000325 -0.765 0.9497 0.62465 0.072675 0.915375 -0.436075 -0.75 0.8165 -0.5353 -0.670075 -0.53285 0.5548 0.191575 0.949225 0.1348 -0.01195 -0.433925 0.237925 -0.8702 -0.8091 -0.019225 0.87285 0.3657 -0.30215 -0.712025 -0.6214499999999999 -0.850425 -0.730425 0.17005 0.851225 0.8611 0.720925 -0.266575 0.5461 0.06325 0.8739 0.464675 -0.083625 -0.536375 0.847225 0.0103 -0.2767 0.9484 -0.937775 -0.869 -0.8588249999999999 0.8227 0.94995 -0.915125 -0.4216 0.160925 0.244875 0.3108 0.390875 0.90425 -0.937375 0.47465 0.01885 0.1765 -0.09625 0.8204 -0.9216 0.2055 0.649075 -0.647525 0.801 -0.881975 -0.761675 -0.796625 0.909975 0.94595 -0.89955 -0.945125 0.9489 0.057675 0.8022 -0.256025 -0.423125 -0.796525 0.806775 -0.64215 -0.44715 -0.949275 0.842525 0.91265 0.54405 -0.573975 0.163225 -0.871675 0.898 0.6757 -0.904825 -0.564375 0.90805 0.8951249999999999 -0.009299999999999999 -0.6938 -0.6853 0.93135 0.818825 -0.357425 -0.521825 0.183175 -0.3048 -0.687275 -0.453125 -0.91145 -0.938975 0.773425 0.6081 0.713975 -0.1467 0.171425 0.904825 0.89575 -0.9264 0.40395 0.8366 -0.340875 0.437825 -0.949075 0.932675 0.70525 -0.886175 -0.76905 -0.70825 -0.720625 -0.879275 -0.64515 -0.039675 -0.93615 0.79905 0.8068 0.330575 0.852 0.94965 0.9102 -0.873575 -0.65935 0.908875 0.161725 -0.5377 0.3414 0.76585 0.040225 -0.93715 0.8809 0.888475 0.93725 -0.08459999999999999 -0.0122 -0.38975 0.9033 -0.3213 0.4379 -0.8150500000000001 0.927875 0.909825 0.385725 0.94225 0.42835 -0.1033 0.788 -0.12085 -0.937025 -0.63585 0.76035 0.22235 0.772125 -0.00225 0.5886749999999999 0.1657 -0.385075 -0.136475 0.454175 0.6555 0.13665 0.7313499999999999 -0.08985 -0.387175 0.379975 0.31245 0.7191 -0.94285 -0.38145 -0.905075 0.2013 -0.22735 0.08624999999999999 0.881825 -0.2903 0.42125 0.842175 0.6456 0.37965 -0.679825 0.631125 0.64695 0.423725 0.330275 -0.9477 -0.933325 0.0702 -0.662775 -0.7727000000000001 0.94985 0.267475 -0.93775 -0.8511 0.794675 0.5832000000000001 0.923175 0.932025 0.7581 -0.413425 -0.5717 -0.9423 0.815225 -0.445275 -0.79025 -0.879625 0.805825 0.5907 0.945875 -0.878775 0.850075 0.694025 -0.103375 -0.572425 -0.9163249999999999 -0.9477 -0.07455000000000001 0.7882 -0.12325 -0.53645 -0.166325 -0.93085 0.930775 -0.8046 0.948025 0.011575 -0.9409 -0.20435 0.782425 -0.640175 0.24335 0.92825 -0.88275 0.88545 -0.0118 0.94965 0.248675 0.9454 0.923125 -0.45705 0.0867 0.9430500000000001 0.67165 0.8349 -0.161325 0.9362 0.302325 -0.655575 0.64625 -0.942675 -0.94115 -0.772525 -0.94575 0.84915 0.642475 0.749075 -0.92175 -0.39845 0.9388 -0.64325 -0.2411 -0.017875 -0.0306 -0.576375 -0.814675 0.857625 -0.624175 0.7540249999999999 -0.252225 0.9398 -0.949275 0.533875 0.6718 -0.08845 0.8482 0.77625 -0.575525 0.825 -0.10285 0.944475 0.93915 -0.9339 0.12635 -0.8656 -0.14635 0.238125 0.868025 -0.768225 -0.706475 0.7798 -0.910075 0.949225 0.819325 -0.94475 -0.949375 -0.793575 -0.69915 -0.18615 -0.1621 0.8504 0.84975 -0.685925 0.280575 0.243325 0.184625 0.69325 0.7548 -0.7126 -0.9495 -0.865775 0.003725 -0.9491000000000001 -0.9482 -0.91595 0.643925 0.933775 0.15075 0.9408 0.882825 -0.6976 0.0604 0.33555 0.055025 0.399225 0.370175 0.733525 0.26075 0.668825 -0.4552 0.684625 0.9490499999999999 -0.592525 -0.585175 0.009925 0.6496 0.38085 -0.8958 -0.891375 0.5072 0.28815 0.21185 0.648875 0.92875 -0.82885 -0.359975 0.8566 0.887325 0.8932 -0.33115 -0.282 0.50465 -0.9288999999999999 -0.6082 0.820475 0.244175 -0.299525 -0.926925 0.095775 0.915025 -0.847575 0.865275 0.718675 -0.0429 -0.582025
 0.8951249999999999 -0.88005 -0.894875 0.6247 -0.856325 0.6496 -0.61595 -0.937775 0.33555 0.648875 -0.64515 0.355975 0.1908 0.874825 -0.8958 0.8659249999999999 0.01885 -0.6701 -0.687275 0.2382 0.24335 -0.299525 -0.5710499999999999 0.9489 0.122575 -0.083625 -0.282 -0.304875 0.375375 -0.445275 0.79125 -0.536375 -0.79025 -0.5717 0.32555 -0.949975 -0.2395 0.5233 0.9146 0.533875 -0.387175 0.50695 0.7540249999999999 -0.892675 0.63715 -0.01975 0.868025 0.399225 0.928175 -0.69915 -0.572425 -0.830525 -0.582025 0.881825 -0.774425 -0.033075 -0.82885 0.6718 0.250775 0.17975 0.92985 0.91805 0.923125 -0.796625 0.191575 0.7397 -0.885925 -0.143975 0.2249 0.94895 -0.7727000000000001 -0.845075 -0.02175 0.546575 -0.945125 0.772125 -0.27645 -0.917475 -0.147175 -0.920425 -0.942675 -0.380025 0.3657 -0.0538 0.0604 0.42125 0.32 0.945875 -0.14635 0.9438 0.311175 0.860375 0.67725 0.851575 -0.84955 0.771475 -0.350675 0.788 0.913425 0.8366 -0.019225 0.13665 -0.575525 0.137225 -0.22065 -0.93715 0.9331 0.3735 0.2457 0.120875 0.8891250000000001 0.944275 0.390875 -0.687825 -0.161325 0.28815 0.215325 -0.70105 0.71175 0.70525 -0.408675 0.805825 -0.4576 0.733525 0.850075 -0.6853 0.913225 -0.1467 0.76585 -0.53285 0.464675 -0.48835 0.5461 -0.08665 -0.12085 0.280575 0.15805 -0.831225 0.90805 -0.94285 0.64625 -0.11055 0.163225 0.1204 0.4481 -0.944375 -0.413425 -0.94115 -0.423125 0.8132 -0.07455000000000001 0.850475 -0.174625 0.522425 0.88015 0.002375 0.423725 -0.41695 -0.16435 0.201975 -0.103375 0.88545 -0.9421 0.882825 0.248675 0.3496 0.9299500000000001 0.6456 0.948025 0.2953 0.8747 0.6555 0.90425 0.898 0.2918 0.7461 -0.288125 0.931525 0.801 -0.617225 0.142825 -0.786525 0.939575 0.08515 -0.9079 -0.357425 -0.387975 -0.06525 0.8128 0.8739 -0.5458 0.21185 -0.6723 0.925175 -0.657875 -0.151925 -0.8898 -0.7036750000000001 -0.545625 -0.9132 0.301175 0.216475 -0.95 -0.776975 -0.3213 0.8054750000000001 0.0181 -0.706075 0.079625 -0.93965 -0.00225 0.3469 -0.6938 0.057675 -0.027925 0.8566 0.944225 0.935175 0.9203750000000001 -0.0306 0.70935 0.944675 0.806225 0.643925 -0.75 0.87695 0.072675 0.9479 -0.915125 0.6124000000000001 0.947975 0.9454 0.9074 -0.8979 -0.436075 -0.2049 -0.130475 -0.640175 -0.637625 -0.8597 0.244875 -0.9339 0.019 0.003875 0.313725 0.040225 0.79945 -0.38145 0.3786 0.8973 -0.9349499999999999 0.9115 0.9490499999999999 -0.74165 0.261325 0.29325 -0.9487 -0.942975 0.453725 -0.166325 0.163625 -0.252225 0.436525 0.899775 0.57345 0.06325 -0.70825 -0.143275 -0.66135 0.86825 0.944475 -0.7729 -0.2411 0.408425 -0.21035 -0.12045 -0.679825 0.0711 0.6260250000000001 -0.8511 -0.33115 0.9033 0.19655 -0.875725 -0.30965 0.09607499999999999 0.009925 -0.944025 -0.904825 -0.926925 -0.949775 -0.763725 0.476175 0.1657 0.925325 -0.937375 0.844825 0.6592249999999999 0.556125 0.42835 -0.768225 -0.5715 0.13305 -0.7973749999999999 -0.905075 -0.0197 0.007900000000000001 -0.160325 -0.442525 -0.4216 -0.865775 -0.433925 0.718675 -0.272 -0.4923 0.8096 0.943925 -0.778975 0.7207 0.915375 0.744 -0.237875 0.372575 0.9091 0.12635 0.949975 -0.51105 -0.41835 0.899125 0.749925 -0.879275 -0.785025 -0.90345 -0.64325 -0.814675 -0.847575 -0.77145 -0.443675 -0.1781 0.87115 0.933775 -0.9374749999999999 -0.8160500000000001 -0.949925 -0.94575 0.58395 0.544725 0.817275 0.6757 -0.620125 0.0764 -0.926975 0.893875 0.564725 0.38085 0.59555 0.79075 0.74995 0.459575 0.9359499999999999 0.8200499999999999 0.9424 -0.35305 -0.230475 -0.79065 0.888475 0.483775 0.184375 0.69155 -0.3466 0.6244 -0.670075 -0.12325 0.000325 0.426225 0.5641 0.794675 0.9102 0.27455 -0.086275 0.1765 0.051525 0.904825 -0.709525 -0.94995 0.93135 0.94945 -0.746825 0.21 0.566475 -0.0492 -0.255775 -0.854325 0.805575 -0.2767 -0.932975 0.26075 -0.720625 -0.269125 -0.712025 0.243325 0.759425 -0.29855 0.8227 -0.392925 -0.052375 0.8746 -0.850425 0.8611 0.76535 -0.08845 0.946325 0.809975 0.302325 -0.05405 0.713975 0.5548 0.8165 0.3511 0.782425 0.749075 -0.266575 0.9038 -0.62985 0.493125 -0.4054 0.857625 0.042275 0.879225 0.5907 0.80455 0.9388 -0.76745 0.949225 -0.021425 0.62425 -0.937025 -0.6082 -0.82545 0.908875 0.93725 0.9398 0.135125 -0.00575 -0.94975 0.319375 0.647 0.26545 0.9166 -0.92315 -0.9264 -0.942825 0.683825 0.94645 -0.592525 -0.6214499999999999 0.941725 -0.64215 0.8809 0.66855 0.71835 0.8316750000000001 0.95 0.933825 0.9495 -0.184125 0.8349 0.249075 0.238125 -0.7982 -0.89955 -0.6976 -0.576375 -0.949275 -0.9029 0.3414 -0.945775 0.8068 0.332025 0.94015 -0.14895 0.837375 -0.084275 0.331625 -0.130875 0.820475 0.4043 -0.01195 -0.210275 0.8234 -0.92175 0.94985 -0.60795 0.573775 -0.768 0.70575 0.2821 -0.8150500000000001 0.94575 -0.8607 -0.91145 0.489175 -0.796525 -0.1621 -0.0118 0.011575 -0.5749 0.9430500000000001 -0.5353 -0.6612 0.905675 -0.9423 0.480875 0.37645 0.7629 -0.9288999999999999 0.6081 0.84915 0.896325 0.852 0.266175 -0.949075 -0.76905 -0.925025 0.370175 -0.2072 -0.621475 0.012975 0.742325 0.903475 0.330275 0.7811 0.43055 -0.0388 -0.662775 -0.624175 0.69325 -0.42725 0.948 -0.685925 -0.91635 0.773425 0.244175 0.93785 -0.8702 0.754975 0.339925 0.842175 -0.881325 0.90935 0.779975 -0.8771 0.7175 -0.730425 0.5892500000000001 0.330575 -0.765 0.781525 0.28205 0.88855 0.18435 -0.514275 0.79575 0.168175 0.9497 -0.017875 -0.585175 0.45835 0.94965 -0.4671 -0.385075 -0.04405 -0.436725 0.223375 0.8498250000000001 0.923825 -0.746775 -0.876425 -0.878775 0.1841 0.491275 0.238625 -0.5935 0.67825 0.94125 -0.9409 -0.9482 0.75115 -0.39845 0.121225 -0.8656 0.909825 -0.94945 -0.88165 0.09555 -0.884625 -0.05445 -0.94685 -0.9477 0.935375 0.930775 0.847225 0.915025 -0.869 0.3032 -0.255525 0.806775 -0.830175 0.932025 -0.924225 0.0867 -0.772525 0.947875 0.89575 0.6839 0.240725 0.50465 -0.949375 0.67165 0.64695 0.051925 -0.421575 0.8539 0.55975 0.6502 0.94915 0.92105 -0.25045 -0.317525 -0.944775 0.8296249999999999 0.949175 -0.938975 0.31245 -0.933325 0.7313499999999999 0.749675 0.878 -0.83145 -0.1064 0.0103 0.7548 0.6502250000000001 0.887325 0.9271 -0.9421 0.649075 -0.94365 0.81355 0.7802249999999999 0.83 0.291325 -0.2182 0.4722 0.825 -0.53645 -0.06419999999999999 -0.87165 -0.38615 0.5461 -0.009299999999999999 0.932975 -0.023 0.521575 -0.647525 0.892075 -0.9163249999999999 -0.882425 -0.87565 -0.9238499999999999 -0.30215 0.94615 -0.91975 0.8461 0.76035 -0.26375 -0.3614 0.91265 0.82085 0.484425 -0.08715000000000001 -0.65935 0.734325 -0.766675 -0.826725 -0.761675 0.3731 -0.04645 -0.896825 0.237925 -0.09947499999999999 -0.09625 -0.844 0.87285 0.857725 -0.927675 -0.910075 -0.565625 -0.94475 -0.879625


# name: trainingExpected
# type: matrix
# rows: 1
# columns: 700
 0.713975 -0.831225 -0.640175 0.898 -0.9216 -0.30215 -0.279125 -0.79065 -0.87165 0.91265 -0.92315 -0.94765 -0.69915 -0.244525 -0.91975 0.29325 0.27455 -0.93715 -0.4054 -0.161325 -0.585175 -0.09625 0.5215 -0.2767 0.934025 0.459575 -0.761675 0.6496 -0.14635 -0.685925 0.342675 0.9359499999999999 -0.91635 0.69325 -0.083625 -0.95 0.32 -0.687275 0.755525 -0.830175 -0.91145 0.88545 -0.869 -0.4552 0.9484 0.40395 0.8539 0.5461 0.758525 -0.938975 0.90935 0.522425 -0.879625 0.905675 0.9457 0.0711 0.484425 0.932025 0.9033 -0.40985 0.13665 -0.3755 0.8498250000000001 0.566475 -0.64325 0.737125 0.71175 0.072675 0.4836 -0.136475 -0.2072 -0.33115 0.77625 -0.8898 0.805575 0.8234 -0.350675 -0.92735 0.339525 0.7726 -0.9409 -0.834025 -0.949925 0.94225 -0.06419999999999999 0.480875 -0.8979 -0.8702 0.051925 -0.22735 0.122575 0.6132 0.925175 -0.42905 0.648875 -0.786525 0.9146 0.331625 -0.945375 -0.82545 -0.9374749999999999 -0.8150500000000001 0.947875 -0.937775 -0.845075 0.8349 0.7798 -0.828075 -0.53285 -0.0538 -0.30965 -0.039675 0.426225 0.32555 0.491275 -0.26375 0.7540249999999999 0.8739 0.7397 -0.00575 0.142825 0.244175 -0.70105 0.932975 0.339925 0.3511 0.216475 -0.76745 0.9495 -0.785025 0.74995 0.280575 0.827275 0.7983749999999999 -0.130875 -0.83145 -0.4923 0.684625 -0.05405 -0.0118 0.94125 -0.07455000000000001 0.8611 -0.926925 0.42835 0.920425 -0.624175 -0.9482 -0.269125 0.90425 0.7175 0.6247 -0.894875 0.9074 -0.0306 -0.94115 0.852 -0.6938 -0.7036750000000001 -0.252225 -0.881325 -0.4671 0.6456 0.825 -0.436725 -0.88495 0.2457 0.7629 0.18435 0.865275 0.1657 0.2821 0.5641 -0.08845 -0.445275 0.3469 -0.90115 0.927875 0.94945 -0.5717 -0.8875 0.772125 0.92875 0.924 0.94895 -0.266575 0.588825 -0.5458 0.244875 0.79075 0.206775 -0.3614 0.847525 0.007900000000000001 0.191575 -0.10285 0.423725 -0.014875 0.137225 0.631125 -0.413425 -0.5715 0.805825 -0.9079 -0.9029 0.24625 0.533875 -0.00225 -0.617225 -0.937375 -0.92175 0.492375 0.8165 -0.932975 0.7882 -0.65935 -0.93775 0.801 -0.103375 -0.9477 0.94085 0.24335 -0.282 0.83 -0.41835 0.22295 0.12635 -0.16435 -0.3466 -0.387175 0.216825 0.223375 -0.48835 -0.380025 -0.51105 0.33555 -0.857125 -0.017875 0.7207 -0.808125 -0.12325 -0.949375 0.864 0.8017 0.2013 -0.184125 0.286475 0.011575 0.6127 0.868025 -0.830525 -0.0429 -0.9163249999999999 0.93915 0.944225 -0.14115 0.88015 0.94595 0.70525 -0.765 -0.157275 0.3032 -0.944025 0.183175 -0.156325 0.59555 0.647 0.120875 -0.793575 -0.019225 0.240725 0.807125 -0.05445 0.8932 -0.63585 -0.881975 0.6081 0.5233 0.949825 0.903475 -0.826725 -0.949275 -0.1856 0.055025 -0.44545 -0.84305 -0.9238499999999999 0.2249 0.809975 -0.844 0.8054750000000001 -0.85485 0.729375 -0.60795 -0.08459999999999999 0.794675 0.21185 -0.84955 0.8891250000000001 0.837375 0.55975 -0.8046 -0.856325 0.6260250000000001 -0.5749 -0.387975 -0.9491000000000001 0.162775 0.931525 0.6244 -0.9421 -0.443675 -0.565625 -0.340875 -0.4216 0.863225 -0.674975 0.079625 0.913225 0.949975 -0.873575 -0.8502999999999999 -0.157875 -0.130475 0.67165 0.720925 0.915375 -0.3048 0.58955 0.79905 0.9166 0.860375 0.496375 -0.884625 0.930775 -0.927675 -0.742 0.818825 0.436525 0.296875 0.291325 -0.949275 0.9454 -0.0197 -0.39845 0.8204 0.47465 0.5461 0.946325 -0.8091 -0.776975 0.90805 0.28815 -0.692275 0.94615 -0.8588249999999999 0.923175 -0.1336 -0.875725 0.935175 0.8504 -0.38145 0.91675 -0.510825 0.379975 0.238125 0.895 -0.380175 0.850075 -0.9085 0.040225 -0.879275 0.5892500000000001 0.744 0.7191 0.668825 0.330275 -0.64215 -0.02175 0.842525 -0.086275 -0.763725 -0.021425 -0.9487 0.852125 0.782425 0.375375 0.42125 -0.2395 0.91805 -0.942675 -0.43555 0.694025 0.262825 -0.35305 -0.920425 -0.023 0.26545 0.355975 0.58395 -0.1064 0.944675 0.37485 0.184375 -0.31805 -0.93965 -0.300825 0.817275 -0.926975 0.63715 -0.924225 -0.07829999999999999 0.390875 -0.5935 -0.941225 0.9388 -0.90345 0.899125 0.003725 0.9497 0.909825 0.564725 0.94995 -0.8511 -0.7727000000000001 -0.12085 0.847225 -0.304875 0.009925 0.93785 0.201975 0.09555 -0.318075 -0.814675 -0.949975 0.82665 0.820475 -0.896825 0.9299500000000001 0.71835 -0.7982 -0.255525 -0.82335 -0.61375 0.902825 0.199975 0.909975 -0.18615 0.09455 0.814225 -0.937025 0.8128 0.944275 0.40585 -0.9498 0.544725 0.815225 0.759425 0.249075 0.8747 0.932675 -0.944375 0.923125 -0.93085 0.249225 0.899775 0.1841 -0.357425 -0.421575 0.94635 -0.854325 -0.53645 0.935375 0.806775 -0.174625 0.933825 0.9489 0.94645 -0.160325 -0.891375 -0.7549 -0.564375 0.7581 0.2953 0.819325 0.237925 0.0181 -0.77145 0.37965 0.67805 -0.94945 -0.408675 -0.774425 -0.286375 -0.356325 -0.006 0.57345 -0.945775 0.1348 -0.768225 0.042275 0.5072 -0.712025 -0.933325 -0.385075 -0.514275 -0.299525 -0.876425 0.749925 -0.7126 0.74685 -0.42725 0.6555 0.261325 0.480875 -0.04645 0.80455 0.121225 0.002375 -0.6214499999999999 0.903425 0.8022 0.319375 -0.91595 -0.009299999999999999 -0.905075 0.800475 0.8566 0.50695 0.248675 0.266175 0.19655 0.161725 -0.93615 0.370175 0.915025 0.7548 -0.82885 0.429275 0.878 0.9479 0.5907 -0.09947499999999999 -0.359975 0.87115 0.64625 0.095775 0.37645 -0.783775 0.928175 0.453725 0.62465 -0.78545 0.6757 -0.9132 -0.592525 -0.237875 0.399225 -0.41605 0.46425 -0.751825 0.03625 0.313725 -0.44715 0.308625 -0.94685 -0.87565 0.24605 -0.04405 0.1204 0.573775 -0.917475 -0.536375 -0.64515 0.913625 0.9331 -0.88275 0.8659249999999999 0.754975 -0.423125 -0.94925 -0.573975 -0.9421 0.883275 -0.170075 0.79575 0.81355 0.8814 -0.88165 -0.66135 0.64695 0.332025 0.851225 0.1969 -0.8958 0.87695 0.2382 -0.95 -0.949075 0.8973 0.28205 0.8200499999999999 0.857725 0.888475 -0.892675 -0.45705 0.243325 0.163625 -0.0388 -0.885925 -0.746775 0.75115 0.881825 0.62425 -0.796625 -0.592525 0.3731 0.8296249999999999 -0.878775 0.896325 0.19515 -0.453125 0.8270999999999999 0.874825 0.9115 0.301175 -0.0393 -0.442525 -0.637625 0.79945 0.15805 0.2918 0.879225 -0.796525 -0.76905 0.94575 0.9362 0.8132 -0.70425 0.642475 0.9424 0.6502250000000001 0.938975 0.734325 -0.21035 0.9167 -0.94995 0.788 0.22235 0.454175 0.24025 -0.394475 0.586825 0.250775 0.89575 0.330575 0.947525 -0.41695 0.3496 0.38085 0.5548 0.1908 0.802775 0.94985 0.93135 0.160925 0.779975 0.79 0.7887999999999999 -0.94975 -0.94575 -0.904825 0.844825 0.3108 -0.01195 -0.06265 -0.143275 -0.052375 0.9408 0.851575 -0.08665 0.66855 0.9492 0.92825 0.15075 0.21 0.9490499999999999 -0.545625 0.792725 -0.1781 0.6592249999999999 0.1765 0.5886749999999999 -0.8160500000000001 0.8951249999999999 0.9203750000000001 0.92105 -0.138175 -0.944775 0.773425


# name: testInput
# type: matrix
# rows: 2
# columns: 298
 0.948 -0.95 -0.02175 0.3511 -0.5458 -0.255525 0.79945 -0.941225 -0.14895 0.749675 -0.7567 0.8814 0.24625 0.91805 0.09607499999999999 0.877275 0.7983749999999999 -0.881325 0.019 0.67805 0.339525 0.82085 0.521575 0.905675 0.240725 0.7175 0.79075 0.586825 0.426225 -0.2182 0.2784 0.925325 0.913425 -0.92735 -0.394475 0.632525 0.94895 -0.130475 0.805575 0.928175 -0.90345 -0.027925 -0.945375 0.19655 -0.882425 0.849475 -0.151925 -0.21035 -0.0538 0.8461 -0.9085 -0.94945 0.3786 0.734325 0.18435 -0.94925 0.92105 0.8498250000000001 0.827275 0.28205 0.899775 0.408425 -0.774425 -0.592525 -0.156325 0.163625 -0.917475 0.162775 0.819075 0.860375 -0.3466 0.94575 -0.856325 0.83 0.339925 -0.90115 0.476175 -0.230475 -0.831225 -0.621475 0.800475 -0.619075 0.9331 -0.130875 0.308625 -0.77145 0.847525 -0.3755 -0.1182 -0.6723 -0.29855 -0.06265 -0.920425 -0.160325 -0.7729 0.3496 0.3469 0.93785 0.802775 -0.237875 -0.443675 -0.35305 -0.06419999999999999 0.94085 -0.387975 -0.01975 0.737125 -0.766675 -0.7982 -0.147175 0.939575 -0.323375 -0.514275 -0.875725 0.303975 0.573775 0.70935 0.168175 -0.30965 0.851575 0.03625 0.5312750000000001 0.621025 -0.08309999999999999 0.564725 -0.746775 0.8234 0.7993 0.3735 -0.380025 -0.88165 -0.92315 0.864 -0.854325 -0.620125 0.892075 0.8746 -0.751825 0.6260250000000001 0.291325 -0.826725 0.9146 0.355975 0.9438 0.43055 0.122575 -0.40985 0.6502250000000001 0.74995 0.9497 0.007900000000000001 -0.944375 -0.9238499999999999 0.544725 0.947525 0.75115 0.483775 0.184375 -0.12045 0.678125 0.58395 -0.00575 -0.5710499999999999 0.94635 0.7802249999999999 -0.086275 0.8200499999999999 0.944275 -0.9498 -0.023 0.29325 -0.692275 0.88855 -0.565625 0.749925 -0.05405 0.59555 0.852125 0.87695 -0.279125 -0.0388 0.933825 0.71835 -0.61595 -0.26375 0.94645 0.5641 0.342675 -0.272 -0.94995 0.7629 0.899125 -0.300825 -0.8195750000000001 0.491275 0.9495 0.9167 0.238625 0.135125 -0.8597 -0.942975 0.744 0.804675 0.837375 0.9457 -0.7036750000000001 0.5461 0.57345 0.9038 -0.76745 0.794 0.9115 -0.255775 0.372575 -0.94975 0.319375 0.94995 0.7397 -0.9421 0.313725 0.08515 -0.288125 -0.421575 -0.896825 0.87115 -0.9374749999999999 -0.084275 -0.79065 0.489175 -0.763725 0.947975 -0.892675 -0.844 0.94015 -0.9132 0.94125 0.142825 0.79945 -0.949075 0.79125 -0.0393 0.729375 -0.392925 0.946325 0.45835 -0.78545 -0.83145 -0.8875 0.81355 0.003875 0.949975 0.647 -0.925025 0.9166 -0.84305 0.266175 0.931525 -0.09042500000000001 0.8270999999999999 0.67825 -0.138175 -0.8771 -0.08665 -0.834025 0.943925 0.26545 -0.44545 0.8096 0.941725 0.2249 0.492375 0.8539 -0.210275 0.63715 0.807125 -0.74165 -0.143925 0.874825 -0.1064 0.2953 -0.783775 -0.768 -0.41835 -0.8321499999999999 0.883275 -0.94975 0.62425 -0.949975 -0.87565 0.79 -0.5715 -0.7549 -0.6612 0.944225 0.17975 0.70575 -0.66135 0.8054750000000001
 0.429275 0.79945 0.77625 0.003725 0.206775 -0.45705 0.267475 -0.9373 -0.7549 0.9362 0.08624999999999999 0.4379 -0.09042500000000001 -0.3755 -0.84305 0.5832000000000001 -0.537625 -0.783775 0.864 0.94995 -0.77095 0.9408 0.94985 0.74685 -0.592525 -0.78545 0.923175 -0.7567 0.7191 0.586825 -0.020075 -0.08459999999999999 -0.945375 0.819075 -0.5377 0.949225 -0.136475 -0.857125 0.262825 0.758525 0.496375 0.7882 0.794 -0.1856 0.79 -0.256025 -0.10285 -0.63585 0.94225 0.3108 -0.1006 0.851225 0.6127 0.9492 -0.751825 0.437825 -0.0393 0.913625 -0.1182 -0.41605 0.183175 0.8932 0.9457 -0.9498 -0.6664 -0.157275 -0.92735 -0.273825 0.2784 0.6132 -0.9085 0.1348 -0.9216 0.24025 0.095775 -0.2903 0.729375 -0.510825 0.684625 0.800475 0.9497 0.2055 0.7798 0.819325 -0.38975 -0.742 0.88675 -0.1033 -0.9477 0.847525 0.37485 0.184625 0.7726 0.162775 0.807125 -0.88495 0.492375 -0.359975 -0.706475 -0.8502999999999999 0.818825 0.91675 0.947525 0.0702 0.588825 0.40395 0.804675 0.92825 0.94635 0.339525 0.92875 0.877275 0.03625 0.055025 0.171425 -0.286375 0.94085 -0.44715 -0.44545 -0.42905 -0.886175 0.849475 0.7993 -0.867525 -0.692275 -0.88275 0.67805 0.2689 -0.828075 -0.834025 0.1969 0.814225 -0.655575 0.694025 -0.8091 0.160925 -0.300825 -0.9495 0.949825 -0.394475 0.15075 0.755525 -0.94765 -0.22735 0.161725 0.934025 -0.20435 0.938975 -0.1336 0.308625 -0.9491000000000001 0.920425 -0.94975 0.47465 -0.08985 0.8814 0.895 -0.380175 -0.881975 -0.8321499999999999 0.8204 -0.61375 0.5215 0.2853 0.454175 0.842525 0.8504 -0.039675 0.621025 0.802775 -0.14115 -0.23985 0.46425 -0.138175 0.79905 -0.941225 -0.8588249999999999 0.0711 0.22295 -0.323375 -0.93615 -0.93085 0.932675 -0.279125 -0.06265 0.40585 0.668825 0.323375 -0.340875 0.852125 0.480875 0.58955 -0.521825 -0.505425 -0.94925 0.249225 -0.143925 -0.573975 -0.82335 -0.808125 0.94595 -0.873575 0.633375 -0.564375 0.372275 -0.014875 0.827275 -0.156325 0.94995 -0.318075 0.303975 -0.0429 -0.43555 -0.157875 0.8482 0.199975 -0.08309999999999999 0.737125 0.9167 0.2013 0.924 -0.90115 -0.453125 0.792725 0.296875 -0.949275 0.7581 0.379975 0.5072 -0.85485 0.216825 -0.4552 0.5886749999999999 -0.891375 0.631125 -0.170075 -0.8875 0.286475 0.8022 0.342675 -0.9421 -0.0122 -0.31805 -0.07829999999999999 0.24605 0.632525 -0.70425 -0.871675 0.22235 0.8017 0.720925 0.909975 -0.91595 0.09455 -0.949075 0.903425 0.927875 0.678125 0.84975 0.883275 -0.619075 0.62465 0.7983749999999999 0.30385 -0.674975 -0.18615 0.94965 0.863225 0.815225 0.4836 0.385725 0.8270999999999999 0.37965 0.9484 0.779875 0.93915 -0.8195750000000001 -0.244525 0.642475 0.865275 0.54405 -0.356325 -0.3048 0.65305 0.17005 0.902825 0.82665 -0.95 0.7887999999999999 0.5312750000000001 -0.8046 -0.26455 -0.7126 -0.93775 -0.40985 -0.006 -0.793575 0.24625


# name: testExpected
# type: matrix
# rows: 1
# columns: 298
 0.06325 0.267475 -0.772525 0.649075 -0.8597 0.923825 0.012975 0.79125 -0.26455 0.238625 -0.6612 0.3414 0.678125 -0.1033 -0.949075 0.7811 0.057675 0.54405 -0.655575 -0.08309999999999999 -0.70825 0.4722 -0.621475 0.948025 -0.882425 0.632525 0.43055 0.08624999999999999 -0.1621 -0.7567 0.771475 -0.89955 0.794 0.2784 0.95 -0.25045 -0.768 -0.657875 -0.027925 0.944475 0.943925 -0.730425 0.303975 0.546575 0.5312750000000001 -0.720625 0.6839 0.4043 -0.14895 0.000325 -0.75 0.0764 0.0604 0.13305 -0.9495 0.93725 -0.9421 0.643925 -0.9477 -0.575525 -0.62985 -0.766675 0.372275 0.621025 0.09607499999999999 0.718675 0.819075 0.3657 -0.020075 0.86825 -0.1006 -0.847575 0.904825 -0.2049 0.87285 -0.9423 -0.0122 0.8096 0.892075 0.9497 0.372575 -0.709525 0.94915 -0.317525 -0.576375 0.733525 0.70935 -0.084275 -0.8771 0.88675 -0.94285 0.0103 0.464675 -0.273825 0.779875 -0.3213 0.385725 -0.08715000000000001 0.6502 -0.288125 0.749075 0.76585 -0.08985 -0.925025 -0.22065 -0.6082 0.633375 0.45835 0.2853 -0.77095 0.82085 0.5832000000000001 -0.886175 -0.38615 0.949225 -0.915125 0.0702 -0.29855 0.94965 -0.151925 -0.94975 -0.256025 0.2689 -0.7973749999999999 -0.23985 0.94965 0.94995 0.019 -0.436075 0.30385 0.163225 0.311175 0.67825 0.842175 0.933775 -0.670075 -0.521825 0.9271 -0.27645 -0.5377 -0.2182 0.947975 -0.06525 -0.5353 0.8316750000000001 -0.74165 0.168175 -0.1467 -0.9349499999999999 -0.38975 -0.94365 -0.166325 0.8482 0.9102 -0.8607 0.4379 -0.5710499999999999 -0.11055 -0.746825 0.65305 0.051525 -0.272 0.215325 -0.4576 0.70575 -0.392925 0.7313499999999999 -0.9264 0.7993 -0.706475 0.3735 -0.687825 0.408425 -0.619075 0.683825 -0.9373 0.483775 -0.79025 -0.433925 0.877275 -0.942825 0.781525 0.135125 -0.323375 0.184625 -0.01975 0.521575 0.8366 0.908875 0.0711 0.806225 0.7461 0.9038 -0.2411 0.437825 -0.582025 -0.8195750000000001 -0.850425 -0.942975 0.67725 -0.255775 0.8809 0.9438 0.302325 -0.143975 -0.9339 -0.1182 -0.6664 0.69155 -0.679825 0.171425 -0.94475 0.939575 0.01885 0.0867 0.945875 -0.867525 0.804675 -0.143925 0.9430500000000001 -0.6723 -0.2903 0.857625 0.476175 -0.147175 0.8227 -0.662775 0.489175 0.76035 0.92985 -0.6701 -0.647525 0.94985 0.8461 0.84915 -0.706075 -0.871675 0.08515 0.26075 0.323375 -0.945125 -0.6976 0.6124000000000001 -0.88005 0.913425 0.949225 0.4481 0.76535 -0.210275 -0.7729 0.893875 -0.0492 0.7802249999999999 -0.865775 0.9398 -0.949775 0.8068 -0.8321499999999999 0.749675 0.17005 0.2055 0.9091 -0.537625 0.3786 0.882825 0.31245 0.941725 0.6718 0.948 -0.033075 0.94015 0.84975 -0.9288999999999999 -0.230475 0.850475 0.50465 -0.505425 -0.6853 -0.8656 -0.910075 0.8746 -0.572425 0.493125 0.925325 -0.620125 -0.12045 0.17975 0.79945 0.556125 0.849475 0.88855 -0.778975 0.887325 0.742325 -0.20435 -0.61595 0.949175 -0.09042500000000001


# name: g
# type: function handle
@<anonymous>
@(x) tanh (x)


# name: gp
# type: function handle
@<anonymous>
@(x) (sech (x) .^ 2)






