# Created by Octave 4.0.0, Thu Nov 12 17:06:56 2015 ART <mariavictoriamesaalcorta@Marias-MacBook-Pro.local>
# name: m
# type: scalar struct
# ndims: 2
 1 1
# length: 10
# name: iterError
# type: matrix
# rows: 1
# columns: 115
 0.4371876607424904 0.4365239827447442 0.4339119878640866 0.4321331519465332 0.4315605189509417 0.4313520879563702 0.4258338406665026 0.4228192381046189 0.4192592135516866 0.4191954443779308 0.4081828173086948 0.406151494590468 0.397175262914462 0.3944426778916016 0.3928611792648534 0.3922223926119776 0.3884154734134401 0.3849212330008555 0.3839071644373085 0.3822121313818539 0.3807283029667949 0.3782816021818063 0.3776070130756242 0.3766038447547645 0.3750782645684868 0.3750162966180008 0.3745949301980283 0.3744567188345592 0.3741457325281924 0.373749307355327 0.373504290047769 0.3723203938478962 0.3710686609601069 0.3707460431132785 0.3697964036245242 0.3696405293295293 0.3693970015759198 0.369256166932183 0.3685783027996561 0.3679267275032255 0.3669236748359482 0.3667236610543856 0.3663369570999767 0.3658430824908894 0.3651687746272451 0.3650607971322746 0.3639783938970795 0.3638031118051033 0.3632128582611276 0.3630413393065763 0.3628612329446344 0.3626487175995524 0.3626085337262323 0.3624602599043489 0.3615415979912805 0.3602703317902575 0.3590383763939705 0.3584710145684686 0.3533088887024465 0.3517882550807384 0.3455567346989115 0.3243188321212422 0.3161303970217063 0.2631653789365447 0.2266360433908763 0.2212583813790031 0.1688327614421881 0.137673604720732 0.1134151216225138 0.08895921598914189 0.06724601381822799 0.06114590445265203 0.05164220472377359 0.04553682945997635 0.0433738334728398 0.04223546234695992 0.04075522636274401 0.03917831439910623 0.03887482098227457 0.03847583770109936 0.0357196259833422 0.03326417222877334 0.03264335608751264 0.03249971375171885 0.03160929204776194 0.02969201807716821 0.02942746741879983 0.02774152022320253 0.02732499720522966 0.02722734904196935 0.02632362126462357 0.02325385458393657 0.02289127424008266 0.02066133188825036 0.01981686192639017 0.01923982264417702 0.01798688628325768 0.01771735558582958 0.01642882373623701 0.01599573389460607 0.0157703523429523 0.01574854326042272 0.01511699602816394 0.01442028325868244 0.01371597105318581 0.01320329114807645 0.01283653789683523 0.01263471467950927 0.01247601771924491 0.01222162768556953 0.01195600033222153 0.01157517638691297 0.01147138476939547 0.01080507316683591 0.01181538144470722


# name: epocsError
# type: matrix
# rows: 0
# columns: 0


# name: iter
# type: scalar
114


# name: epocs
# type: scalar
1000


# name: eta
# type: scalar
0.0122143785820725


# name: w
# type: cell
# rows: 1
# columns: 3
# name: <cell-element>
# type: matrix
# rows: 9
# columns: 3
 -1.552202250661696 1.866379547355672 -0.9629751353050566
 0.7188166850322883 -0.06231872377432129 0.2178508765463072
 0.6173569274240278 -0.2178258826468501 0.2948089351491824
 1.250411312378491 -1.202201882041741 1.583283734065901
 -0.1296254359189031 -1.040496059726125 -0.1847388647166208
 -0.05680126330037973 -1.075520894848103 -0.3293631244814377
 -2.483297633708842 3.08200343340599 0.3875228909523171
 -0.9090999976751196 -1.149474331290606 1.11555258587772
 2.735436501724264 -0.9123430969384352 -2.525300470841027



# name: <cell-element>
# type: matrix
# rows: 13
# columns: 10
 0.1113565974834876 0.2118687871959931 0.1530471352531107 0.04705097439959037 -0.0413447988665728 -0.05156299220849851 0.1444212533680706 0.2048658188059426 0.2290572740918208 -0.115117635867872
 0.3163292035936048 -0.3279540581543752 -0.1641210695322945 -0.05977888233495964 0.202900748299224 0.1155060119499236 0.2594956082375394 0.2444869775808166 0.7570422353547688 0.1389419215514525
 0.2085538840391483 0.6344078045934497 0.3619186114942601 0.8345646053500411 0.2860689277866574 0.2501559868866901 0.1234108365692076 0.09611444464614632 -0.1497068815728092 0.2443444883866284
 0.229037170499825 0.3396353925083394 0.6335926740337664 1.151504886541513 0.5057038146682081 0.3904121214332046 0.3182199986157327 0.2457074269701834 0.2571846603436971 0.5627694614779344
 0.2363390375973877 0.2071020443762288 0.4732410248947985 0.8107877943643131 0.1177027397607944 0.1436962077885058 0.1957492560974689 0.4531281472020673 0.2218506867820231 0.1721372679816446
 0.3931975005723721 0.2300205613395917 0.02824468137297292 -0.04926405045559534 -0.0580538459642349 0.3071526615386183 0.2110391945240521 0.2158855726595619 0.550289091496441 -0.1618224956152101
 0.2663629169267419 0.5284123221419795 0.7119456002400398 0.2009239935317878 0.8761571718411587 0.9935705205103479 2.342605458244264 1.112396162007653 1.499723523050673 1.171981072356269
 -0.004223263293976699 0.01441910676808784 -0.09301028158749201 -0.2460750888840827 0.3080348414131868 -0.04715964659076979 0.3926612774842486 0.1430097322665742 0.5159267607075188 0.145692567865546
 0.3438805671140001 -0.03000008173870484 0.1239151998502751 0.2736633744244188 0.03765375105630153 0.1436469174429094 0.3088626875488304 0.08219011391942632 0.5553837860826026 -0.1237106573164022
 0.1646280513805954 0.4071209902868459 0.4249994051634406 1.043403639043238 0.1892535238103905 0.06626122052995144 0.2870400064524672 -0.06388536454978573 0.05544466201593783 0.1339025638710201
 0.3473360822813154 0.2584651803135035 0.3064062516990392 0.2544779030474092 -0.2083437960261964 0.1593747741599982 0.2303110001363819 0.177233597924121 0.3630783327449758 -0.2184162771827383
 0.6122864730726159 0.09257720091239363 -0.03171369464744551 0.3553754497033888 0.3799466822093321 0.09856249458341923 0.3318679949667758 -0.06892823369131811 0.8063774053902233 -0.143937373206579
 -1.629421510480417 0.1805622465181804 0.04677646115625521 0.3281634999600042 0.08872566345565726 -0.02455967945010439 0.7799888264612022 -0.3978094546942799 1.590393038424659 0.7489269514338023



# name: <cell-element>
# type: matrix
# rows: 1
# columns: 14
 0.2061661259262468 0.4485232886801293 0.7907422870217303 0.9789881273812004 0.6687579099979655 0.4816910560603638 -1.85755252770428 0.3187804944790566 0.4513054890431313 0.7477699802441354 0.3925260969082862 0.6542875047534079 -1.771008059694127 0.1450710985944223





# name: errorVector
# type: matrix
# rows: 1
# columns: 700
 0.009179672835506383 0.003085493382828087 0.000438009643120311 0.01489256136097811 0.0015535868728492 0.0187665316681045 0.01081515618619664 0.00622517298171617 0.0005050892159779936 3.502402973426169e-05 0.02538648837879821 0.00639983155682112 0.0005750154997776671 0.006154058508770266 0.01359889649733984 0.05963868829727824 0.02303160594751887 0.01315373188885406 0.0007761147515911173 0.006546100215653048 0.002469158212877615 0.01856205126878039 0.009094590117473064 0.02108298710736795 0.01625448002121126 0.0007978177579362719 0.002922169739011844 0.009120313626131535 0.04115331249441669 0.01399166031708317 0.004036826362739125 2.86530484231669e-05 0.002095641813609741 0.0718986259738201 0.0006130269300614673 0.0008601404317927163 0.0003959439429205217 0.002487619116836221 8.927257834383857e-05 0.0173501307994102 0.002909817333850226 0.0049124841330064 0.0005918394900949396 0.003262740470979876 0.005021275157067443 0.008309839399614173 0.004524096070234893 0.007633174729486044 0.003345318667615285 0.01054228962142323 0.008525372299241746 0.001440951586451224 0.01531448458399108 0.03747591515699807 0.003708012720635582 1.703152998305317e-05 0.0111795461789382 0.009438769265819706 0.05137295281341568 0.006539810574741142 9.304699273438693e-05 0.008553153609124585 0.0008268240732778205 0.03211621012263515 0.01233856782375683 2.969855658094125e-05 0.03333386622731665 0.006511112245814091 4.932572126738201e-05 0.02100167345502096 0.002438784901296442 0.0004973387378637428 0.07254284815149666 0.002720067956784382 0.0144648733942657 0.01682576467390028 0.002303054403016609 0.0007216523366415455 0.002854119036743176 0.01275032439131682 0.001719231999426901 0.001096086036968424 0.000759696794782635 0.01393985522489409 0.004613526831619442 0.01220552267154197 0.01031680256141623 0.00353769535195442 0.005942196565453538 0.0002490690971057697 0.01095210325601264 0.004317748877034577 0.004355561117596801 1.725495127043249e-06 0.08180437639930015 0.02870691795698995 5.553283518150175e-05 0.0018090373944361 0.01339817751416443 0.03572409428231114 0.01496338777723293 0.003969506971848473 0.004863816853104393 0.006217126401285527 0.001269108605634151 0.008262419576979596 0.003591680891482865 0.0148164367105049 0.03443821602314404 8.521593607885872e-05 0.01448898413040064 0.0002341006100184912 0.00626455375007971 0.007697942850248738 0.006205888102976079 0.0533661690317107 7.873654125218203e-05 0.043379406951013 0.04978272047456608 0.004595587302990593 0.01500432469969286 0.008580043174805124 0.000612161527233355 0.003895002095381836 0.0988971653557327 0.001099786221607166 0.00650341294041565 0.004945426642844948 5.451980967473614e-05 0.0001884020676641894 0.00353722473060674 0.01620776077670484 0.002330591978419737 0.001359250153432454 0.004670291201762738 0.03080294695993357 0.001266656059391409 0.0009797822756752576 0.007311318238347915 0.01448755825749062 0.0005985591557815862 0.0006373224843511091 0.005589792732925657 0.004517966884775514 0.01061791130150504 0.0812534101762232 0.002171538784275581 0.02107549953494124 0.01347407882773525 0.01942093162547633 0.009099675882981374 0.01151585402177429 0.004008779972901282 7.407471029667943e-05 0.0004086959465073821 0.08037774730694222 0.01010990056088346 0.005729619752486434 0.005680919833042621 0.003169889671012002 0.005893598958363155 0.0004591413505486094 0.0004198298674390579 0.01197732645843647 0.004070900064972077 0.00649604372246213 0.008876542862684736 0.01357984726574924 0.004620693681506274 0.000100584573141761 3.553274990941624e-05 0.0006982686818943604 0.07514661446580001 0.004939825434743701 0.06667351383812498 0.0295547351111825 0.002953198410379662 0.0006477461549343552 0.01064579883049196 0.02060060620636582 0.006896270317896045 0.03890477384572413 0.03743870114812129 0.003471053301717884 0.03257753008835389 0.01054815712142776 0.01480966325719388 0.006985229857820721 0.006520751272182204 1.729429938433024e-05 0.01881471074045168 0.001303162644439643 0.008738358919620621 0.009455253772673818 0.06804829866080701 1.331073641888326e-06 0.003908854037014086 0.0118571574724184 0.02333868945792206 0.0001365282383378375 0.02239351537153857 0.0005737591326100241 0.01392522466597908 0.0218458614429295 0.004632566775266801 1.874856379779628e-05 0.008967939970732535 0.01143383996958711 0.03069802011491792 0.0005264215851325243 0.01009516296486177 0.001935324817748231 0.003227873640771579 8.088302729742682e-05 0.06496967001074057 0.01314640741373784 0.000604307414093947 0.006690013846985083 0.001666324789976898 0.002753833718933572 0.002138140126171332 0.003462545315044795 0.01283762020823319 0.0004706371409042517 0.005399214593275729 0.01214094778921686 0.001437317472945654 0.01644227906314654 0.009892798273445155 0.003584951933994524 0.005324578894072325 0.0003351653517777602 0.01458160373783242 0.001431800412324759 0.0003344832876776419 0.001823640920134222 0.001498443448389483 0.06358816766025967 0.001552036190256329 0.0008220512627346911 0.001819084332092687 0.01857119411349369 0.009062216280230236 0.003973729637636985 0.001832298878742961 0.01133928951683334 0.003397506590925123 0.009121523565360633 0.001710188552179894 0.005038319915067778 0.005862229750733392 0.01642138014158293 0.002267667898371292 5.9288801692709e-06 0.001243507776441915 0.00584960137723196 0.01017970170153289 0.002356611726230333 0.002218052857676834 0.009315375400173322 0.007572044712717155 0.003219854911015308 0.01354777316462118 0.01114974155066414 0.008984460829475223 0.03251883658575713 0.007195164305985273 0.005627421020342329 0.001200881977792597 5.563414798504521e-05 0.0009148442887250195 0.03760285450668011 0.06215782267611395 0.01000835796076278 0.08800436519330594 0.01167519784108513 0.02326610586512371 0.003242750460637467 0.00278076755487409 0.009444679870324182 0.0001303763828094673 0.002555408292337565 0.01478178395501667 0.0001645796039140591 0.006661667976187284 0.01870322633735895 0.004461615919774042 0.005269395042314431 0.005101537814605005 0.01767829732028747 0.02675173387599879 0.01548903175593497 0.02050686128717374 0.002992094593569896 0.005327548425574776 0.008369957750652192 0.0100385198717389 0.01364367736505567 0.0002106787639787919 0.01718862787153815 0.0074828716141055 4.211721396193806e-07 0.0142284329771625 0.01076804355661359 0.004799379802724678 0.003128240556372449 0.03050263735647845 0.0002044589904840832 0.0110578637230324 0.004357364834603721 0.006857921670708208 0.004432416859927163 0.001565189738391898 9.471181079372694e-05 0.001384450982554769 0.007115928143331855 0.0002518025419232837 0.01337082221723585 0.005140075736071681 0.006958137544107939 0.01516384209326263 4.151742441368239e-06 0.01807018524635585 0.007036588151177243 0.02465734594460287 0.00478386341421411 0.005342204181030306 0.00432139153041375 0.07421720583124101 0.009907143948379143 0.002400485599641891 0.006619107429521814 0.02041255363567512 0.04049132387336503 0.0001756514188040085 0.00672868112718791 0.05797694395175428 0.004537604866808583 0.001540214701781019 0.01927336244107179 0.002706610296738886 0.01560747295101921 3.342884756784771e-05 0.01271756847792447 0.005002085981764574 4.311272005832936e-05 0.006128390677522138 0.007956932283952389 0.000354546255253649 0.005619001872805811 0.02089585647847841 0.01046946801509511 0.006983457523707542 0.005185150039473584 4.561422230739688e-05 0.0001438744457333646 0.002125754094806654 0.007991604089170616 0.009655866580483544 0.0005246388329707831 0.01593638444256864 0.01450541773399068 0.003367462232319555 0.005534481084944709 2.158337470383766e-05 0.01580247728576938 0.04318905373940073 0.01292759843014171 0.02841319570629454 0.001762123661504078 0.000559730011195487 0.003346672969001069 0.00038534802394695 0.006165640812135836 0.008511999280562562 0.00807541478415268 0.002754937284071501 0.004659035289271612 0.002702481995949123 0.005248432267633133 0.005453241864573464 0.0004670124181703153 0.03434012777186778 0.002280336176150996 0.01349866169062834 0.003231155265731085 0.06631964470970356 6.700957556271933e-05 0.01301642113673919 0.04207851565091534 0.002771768282401612 0.0006752905382122071 0.05207475153268534 2.106958285867038e-05 0.05428564545916396 0.0002497654398910662 0.002456353773224669 0.00274434052904726 7.195112396601035e-05 0.0005079014684175734 0.01226477673718162 0.01611529324884034 0.003854977562103322 0.02571821773805111 0.002822439142663601 0.02492907415751091 0.01365194625176039 0.01553189324008826 0.008164015015326246 0.01233286720424457 0.01380340829600588 0.006045504218797962 0.001391095416640215 0.002550951310653454 0.006591861836421874 1.612276514503876e-06 0.002195632454397468 0.005301555216317695 0.009762345061572454 0.04521009182178062 0.001208732029131738 0.0001743351604028577 0.0369612025138769 0.01700100520998239 0.002739511095972565 0.012468328237214 0.001770587985503194 0.003721010666017466 0.001579808662472772 1.163139741249345e-05 0.001960590058113146 0.008792771064010899 0.002597235155016632 0.0576484020827151 0.05958431362026458 0.01045776444787427 0.0003732938316936666 0.002922435983655553 0.006351709980390659 0.0007604252296175686 0.01011639501569959 0.003263997887214902 0.0009373597556645128 0.005269081670962165 0.01254438129762527 0.01645352474800351 8.429275454266114e-05 0.0003949851228715893 0.005008077551463437 0.05880417869305993 0.001707733355374721 0.006808141331733506 6.839249585206498e-05 0.02074466612990713 0.002980847141822791 0.002633306318818693 0.002115545126458849 0.004677980227108689 0.01365193830477898 0.000168651117446175 0.0001916545068173769 0.001299491404472255 0.01393155321819589 0.009781361252702533 0.01691439539521188 0.0006680257476323207 0.0002610781833164137 0.006861074580139991 0.0003679359628294117 0.005435380472852756 0.008473020937781468 0.001137745567530358 0.00335599568417918 0.005747480005504029 0.0004040078793689022 0.0005193435895174179 0.004700098345824677 0.01420256050094655 0.002220224526666697 0.008429166804139179 0.0006874473331485336 0.002327470829729563 0.04786543979678248 0.004876406101679887 0.0004480649631406799 0.008156476523974183 0.002260417719744802 0.001946680911078161 0.000932327709520254 2.170898823779473e-05 0.03405061706893332 0.01937391948159098 0.000118045073988323 9.408776072475918e-05 0.01149889465368149 0.00332580149285329 0.002818971866695135 0.00273875138863467 0.002340214880724837 0.0004029408323429394 0.02430926159035673 0.0005923802103617379 0.007613010711532662 0.002709219274560103 0.01054053100206602 0.06281260269761425 0.0009886431375039702 0.01038464759485528 0.02639810242175218 0.04374906724246402 0.005434852989577323 0.01727479150569304 1.286138902674421e-05 0.0001626475355202214 0.01867348646534675 0.001841035135729961 0.01055845487040675 0.002371541024597084 0.001829363265180778 0.03588132334403173 0.001232900823527783 0.01089252998341434 0.01383146451986236 0.0205777971125245 0.0130408749999326 0.02162437973938264 0.002142442764245869 7.568256421341221e-06 0.02169651146814211 0.008855604078098203 0.003203940817979142 0.00768578783500416 0.007075284628388824 0.001254317022862542 0.02212533891185833 0.004071512999552293 0.004630756045256951 0.01577679766703405 0.02681665608735716 0.0002016180453979489 0.0008982260985830023 0.004696953910175122 0.0002428440646782511 0.006737186984977634 0.003437074335567233 0.04689395653485098 0.02018128040265857 0.01170310971114027 0.003636102690859168 0.01170802721602679 0.001846188795347269 0.0002298937534707036 0.01279716621587347 0.0009282512168656572 0.007407441758238971 0.01033106193700216 0.0107264604887535 0.0005663601601041398 0.004428097748288177 0.08114303862787418 5.565423104150202e-05 0.0007069776224518801 0.08176292396268145 0.004046115856826441 0.00308891154839334 0.01937853199253045 0.009394058180270941 0.003152921956068146 0.001339823331605186 0.007226824608112183 0.008463654134337804 0.002706669399373566 0.0115280039246045 0.004464938519476219 0.00352184057134777 0.01354182215901719 0.05599892798781837 0.0002076743951500341 0.04718441989185387 9.033309300755496e-05 0.00751863867499678 0.005933258005794509 2.169831644085793e-07 0.001363275003511016 0.007922563756216602 0.007748899426058694 0.03446464085840455 0.002787310290405517 0.001941270459322505 0.01276072453920059 0.00988514787257757 0.0003867756470553556 0.02977877164033428 0.007732660929996319 0.0004056639039542807 0.0003926179166835183 0.0005810605690539983 0.00215632795054647 0.01127188218504764 0.02158976094255388 0.0004495154408089235 0.003673301896281095 0.001407115558693247 0.02380107013247267 0.04098559259446626 0.005626624536287303 0.0002625645045378207 0.01350487128112816 0.03551640817280066 0.00091081556471408 0.001056371990758254 0.0005482041610793909 0.0001400160234295235 0.0005668686458680657 0.0001837219081798053 0.0008210843209653058 0.01078671002828315 0.0105800801360403 0.002973170234866017 0.001188966995054592 0.01031973363822935 0.00101154330318964 0.007413038971104658 0.008408340635132096 0.01276748531089741 0.001357636492576895 0.001436865380880161 0.01185832715561134 0.006799536655494202 0.03572022557063531 0.008411671045445261 0.02054757232792938 0.009612855862410502 0.01589857030245087 0.0003270444194932523 0.005256146058562873 0.04112978024416369 0.0003483842333861701 0.005877336375459162 0.0261186777061811 0.001867607679575134 0.0001186873567402209 0.0005422743793094192 0.01959751237716288 0.00152886117225161 0.001066232164682853 0.008755531227119527 0.003151938480632316 0.006739185409997481 5.09125598636595e-05 9.88916073294795e-05 0.05661173277744383 0.01971772012589229 0.02126650234645583 0.0230597065549965 0.0001584668181730162 0.0006261871621378348 0.03693755144982946 0.001762473705815458 0.0004919876114139971 1.15988057034067e-06 0.01435878556565671 0.0008851515811615767 0.01257336058989725 0.008828414450159017 0.004674750762353602 0.004858738098240938 0.007651727615773035 0.03220567265896648 0.006787647010715922 0.009776600621661543 0.03744012827212324 0.002618361045471498 0.00292678076064778 0.005710008018974949 0.00375977374730252 0.01032096315445071 2.414269423853561e-06 0.02571013428269646 0.001340240242049194 6.472682403610624e-05 0.04225811935147045 0.01049809988961781 0.001469044647803039 0.002969062304644387 0.002783148853319356 3.778429303363738e-05 0.0004116402628057365 0.0006220421192642238 0.001119569628680104 0.04139526133745967 0.0003971686690315658 0.0002491027275535745 0.002553490082161721 0.01078762818681623 0.0007832184477074139 0.0007053518153223818 0.001100953162921418 0.002166507508983968 0.01744638270170946


# name: test
# type: scalar struct
# ndims: 2
 1 1
# length: 8
# name: meanError
# type: scalar
0.01135555579739675


# name: result
# type: matrix
# rows: 1
# columns: 298
 0.2394606447535638 0.8658385339848741 -0.8167673880629156 -0.8394577569764435 -0.8354698784568672 0.8284924783791701 0.7350053951548652 -0.6992575250332274 -0.8394146905367951 0.8226144994906417 0.4169415663719828 -0.8806580472633065 -0.7515505485972855 0.7554783530387874 0.8192492554687913 0.8359185574404638 0.8150938617494149 0.748202826689675 -0.8165968951028048 -0.6566207222937187 0.8354085793021115 -0.6351576564422863 -0.7124729776788021 0.7840856445268423 -0.659892124322869 -0.5198364650026803 -0.6869256143240884 -0.05292704051349123 0.6981507259001486 -0.3657950112758403 0.3904184882394275 0.3769313855563031 -0.6849933528788029 -0.6957330262213032 -0.7606916381761201 -0.02151020608783659 0.6893175808273845 0.7775994210183765 0.8312230249279534 -0.7383311799758443 -0.002523671176113908 0.7121040402315516 -0.2782422249273852 -0.5466158744627836 -0.3006705777842923 0.2207713389642411 -0.7195021442354969 -0.6945585070345073 0.2132178641628005 0.3010205177206844 -0.875087653947714 0.6663780918328802 -0.3134346448856248 -0.7104677963654303 -0.04793216214771279 -0.821155419218959 -0.8324393536446479 -0.7976212316277326 0.7915167067954412 0.6860790164285443 0.2505503575578341 0.3275272442744726 0.2165014901183897 0.4997280787177222 0.3828245502330925 0.01830738041769199 -0.1375322227355828 0.9355249766418418 -0.8144125230429436 -0.5091311774922757 0.635425646766927 -0.3499543427466116 0.8574700059411111 -0.1181492758769133 -0.8328539012929841 0.7924567756263132 -0.791823390273165 0.8425504750421762 -0.4694026144813364 0.7074455214696178 -0.8376607619386347 0.8629440562397008 0.18051570275946 -0.7564872383987198 0.68969262646943 -0.719007189350287 -0.7488648162990875 -0.5844235952864792 -0.7990966970309883 -0.7484807467640655 0.8918411714831487 0.9074819437075315 0.7851810016353143 -0.302487298631664 0.7111476268066667 0.1371349927588635 -0.17577899118266 -0.8109696364880844 0.1219663184278541 0.4569017767894231 0.1031622170182645 0.8414683769769459 -0.643189369111224 -0.813966470505821 -0.143397011420476 -0.004465339940746366 0.5444037498972053 0.7731310029394135 0.817644931214783 -0.1678709286953059 -0.672537507006986 -0.819379369736785 0.3245720139477019 0.9481424724836215 0.7706970835143261 0.008644364553964085 0.4173656993851761 0.9567041590969593 0.8138135348001188 0.7904899817495055 -0.639426892448295 0.4675006811476478 -0.442840162613423 -0.3307375775565842 0.1439293855876213 0.7302364968991771 0.06763317479378678 0.4808020275066713 0.5750310880161206 -0.01977496392197949 -0.8414374770418889 -0.8396139142381089 0.8968806346455599 0.3133138152301228 0.4716710071204416 0.8098432840530746 0.85990495797212 0.7636203109652426 0.1375285194425751 0.2628408557703951 -0.6050629944391879 0.4846117527203149 0.8611976417815107 -0.7308068994481547 0.2185342028021013 0.5101672059297555 0.7603509462068763 0.7354731867127549 0.8243814148427459 -0.0227587198649878 0.8151699793651201 0.4819176148060815 0.8035327313713436 -0.7838454142185528 0.7811374654198275 0.6574048649689826 -0.7121862655922586 0.7533703859360462 0.7863208268148822 -0.4472060785613821 0.01307457597466394 -0.8382100195055512 0.3314435662219432 0.387325715410442 0.8272001995914035 -0.7174239274710175 0.6591425905029688 -0.8171639860677282 -0.7743636345165477 0.4887282245954338 -0.444826030412215 0.1933174220546554 0.6371418123104199 -0.8042735900754685 0.2071269584948712 0.8874607708113507 0.1260093605615438 -0.5221146388776999 -0.8175995440979975 0.5992819244710709 0.5249194709809297 -0.4986878248589469 -0.6002299115454894 -0.8793579007829793 -0.6520162784637826 0.8001650985658221 0.7749333988493589 -0.4436712238695653 0.7966241993034181 0.1322772902111564 0.3363174304836006 -0.1711837887376259 -0.6834131791670072 0.4546859596040274 -0.8157711463396496 -0.8201760442914933 0.7731917761607036 -0.8297281016990038 0.6619455544161645 -0.2951343323961985 0.3075083370238439 0.2537281716564723 -0.7179041349919133 0.1378205420355909 -0.6713484041533467 0.8068666796338243 0.4600019513136431 0.8700308171375168 -0.7008580764931361 0.815736800198016 -0.2652908272778909 -0.7205150037086026 -0.8406481239686132 0.6866644792108352 -0.8442311344222847 -0.7850802547697115 -0.09423943598683403 0.1036805983969427 0.7387683819268069 -0.5047318308046117 0.9056112488235704 -0.5870578805326849 0.5355871903336533 0.8050912563595626 0.765724749458095 -0.4184985020575533 0.7959551815394678 0.3576100447441872 0.9329551050928339 0.2474960206152719 0.8276580639812731 0.3549744225726027 -0.5953517769642473 0.3114070745176345 -0.7698488420485676 -0.711988753039702 0.7430785620913405 0.8443851549409479 -0.3360284355372754 0.7738942493792038 0.8390078956202759 -0.3616693221031664 0.844218380491126 0.3752166671478328 0.7922641274797975 0.8733426489065907 0.5117841456137909 0.792483317572711 -0.3770036167893031 0.4600516593410702 -0.8469480752039642 -0.182406253958773 -0.7960521956546662 0.7583697258639427 -0.1614602790846419 0.5812828738004676 -0.8109351775450349 -0.8348649284929656 0.1994099207730408 0.344989000296362 -0.3529964379105499 0.6106057573521004 0.5305551565470731 0.4983822999258281 0.6390807593386371 -0.6552470986278075 0.8968343724811974 0.9075958856468415 -0.6747878409410091 -0.7757166929468455 -0.8372642673548489 0.7365472570231884 -0.8163733665578427 0.7760461389101247 0.8025034795870757 -0.8023719157049147 -0.8408041279202974 -0.8228595498658874 0.6319524565798355 0.28943626543532 -0.7929744110395845 0.7794323887253499 0.8331192682811162 -0.8059657325494731 0.3744197737945381 0.8084075075332963 0.2527109003973207 -0.87548300123555 0.7367739655905252 -0.2149418983180623 0.8390868368256716 -0.4370972646014898 0.6697507265911919 0.2068674134495329 -0.4516916763350786 -0.7790096509268246 0.6403710385993661 0.0708462229877008


# name: diez_good
# type: scalar
37.58389261744966


# name: diez_bad
# type: scalar
62.41610738255034


# name: cinco_good
# type: scalar
18.12080536912752


# name: cinco_bad
# type: scalar
81.87919463087249


# name: uno_good
# type: scalar
3.02013422818792


# name: uno_bad
# type: scalar
96.97986577181209




# name: trainedNetwork
# type: scalar struct
# ndims: 2
 1 1
# length: 8
# name: iterError
# type: matrix
# rows: 1
# columns: 115
 0.4371876607424904 0.4365239827447442 0.4339119878640866 0.4321331519465332 0.4315605189509417 0.4313520879563702 0.4258338406665026 0.4228192381046189 0.4192592135516866 0.4191954443779308 0.4081828173086948 0.406151494590468 0.397175262914462 0.3944426778916016 0.3928611792648534 0.3922223926119776 0.3884154734134401 0.3849212330008555 0.3839071644373085 0.3822121313818539 0.3807283029667949 0.3782816021818063 0.3776070130756242 0.3766038447547645 0.3750782645684868 0.3750162966180008 0.3745949301980283 0.3744567188345592 0.3741457325281924 0.373749307355327 0.373504290047769 0.3723203938478962 0.3710686609601069 0.3707460431132785 0.3697964036245242 0.3696405293295293 0.3693970015759198 0.369256166932183 0.3685783027996561 0.3679267275032255 0.3669236748359482 0.3667236610543856 0.3663369570999767 0.3658430824908894 0.3651687746272451 0.3650607971322746 0.3639783938970795 0.3638031118051033 0.3632128582611276 0.3630413393065763 0.3628612329446344 0.3626487175995524 0.3626085337262323 0.3624602599043489 0.3615415979912805 0.3602703317902575 0.3590383763939705 0.3584710145684686 0.3533088887024465 0.3517882550807384 0.3455567346989115 0.3243188321212422 0.3161303970217063 0.2631653789365447 0.2266360433908763 0.2212583813790031 0.1688327614421881 0.137673604720732 0.1134151216225138 0.08895921598914189 0.06724601381822799 0.06114590445265203 0.05164220472377359 0.04553682945997635 0.0433738334728398 0.04223546234695992 0.04075522636274401 0.03917831439910623 0.03887482098227457 0.03847583770109936 0.0357196259833422 0.03326417222877334 0.03264335608751264 0.03249971375171885 0.03160929204776194 0.02969201807716821 0.02942746741879983 0.02774152022320253 0.02732499720522966 0.02722734904196935 0.02632362126462357 0.02325385458393657 0.02289127424008266 0.02066133188825036 0.01981686192639017 0.01923982264417702 0.01798688628325768 0.01771735558582958 0.01642882373623701 0.01599573389460607 0.0157703523429523 0.01574854326042272 0.01511699602816394 0.01442028325868244 0.01371597105318581 0.01320329114807645 0.01283653789683523 0.01263471467950927 0.01247601771924491 0.01222162768556953 0.01195600033222153 0.01157517638691297 0.01147138476939547 0.01080507316683591 0.01181538144470722


# name: epocsError
# type: matrix
# rows: 0
# columns: 0


# name: iter
# type: scalar
114


# name: epocs
# type: scalar
1000


# name: eta
# type: scalar
0.0122143785820725


# name: w
# type: cell
# rows: 1
# columns: 3
# name: <cell-element>
# type: matrix
# rows: 9
# columns: 3
 -1.552202250661696 1.866379547355672 -0.9629751353050566
 0.7188166850322883 -0.06231872377432129 0.2178508765463072
 0.6173569274240278 -0.2178258826468501 0.2948089351491824
 1.250411312378491 -1.202201882041741 1.583283734065901
 -0.1296254359189031 -1.040496059726125 -0.1847388647166208
 -0.05680126330037973 -1.075520894848103 -0.3293631244814377
 -2.483297633708842 3.08200343340599 0.3875228909523171
 -0.9090999976751196 -1.149474331290606 1.11555258587772
 2.735436501724264 -0.9123430969384352 -2.525300470841027



# name: <cell-element>
# type: matrix
# rows: 13
# columns: 10
 0.1113565974834876 0.2118687871959931 0.1530471352531107 0.04705097439959037 -0.0413447988665728 -0.05156299220849851 0.1444212533680706 0.2048658188059426 0.2290572740918208 -0.115117635867872
 0.3163292035936048 -0.3279540581543752 -0.1641210695322945 -0.05977888233495964 0.202900748299224 0.1155060119499236 0.2594956082375394 0.2444869775808166 0.7570422353547688 0.1389419215514525
 0.2085538840391483 0.6344078045934497 0.3619186114942601 0.8345646053500411 0.2860689277866574 0.2501559868866901 0.1234108365692076 0.09611444464614632 -0.1497068815728092 0.2443444883866284
 0.229037170499825 0.3396353925083394 0.6335926740337664 1.151504886541513 0.5057038146682081 0.3904121214332046 0.3182199986157327 0.2457074269701834 0.2571846603436971 0.5627694614779344
 0.2363390375973877 0.2071020443762288 0.4732410248947985 0.8107877943643131 0.1177027397607944 0.1436962077885058 0.1957492560974689 0.4531281472020673 0.2218506867820231 0.1721372679816446
 0.3931975005723721 0.2300205613395917 0.02824468137297292 -0.04926405045559534 -0.0580538459642349 0.3071526615386183 0.2110391945240521 0.2158855726595619 0.550289091496441 -0.1618224956152101
 0.2663629169267419 0.5284123221419795 0.7119456002400398 0.2009239935317878 0.8761571718411587 0.9935705205103479 2.342605458244264 1.112396162007653 1.499723523050673 1.171981072356269
 -0.004223263293976699 0.01441910676808784 -0.09301028158749201 -0.2460750888840827 0.3080348414131868 -0.04715964659076979 0.3926612774842486 0.1430097322665742 0.5159267607075188 0.145692567865546
 0.3438805671140001 -0.03000008173870484 0.1239151998502751 0.2736633744244188 0.03765375105630153 0.1436469174429094 0.3088626875488304 0.08219011391942632 0.5553837860826026 -0.1237106573164022
 0.1646280513805954 0.4071209902868459 0.4249994051634406 1.043403639043238 0.1892535238103905 0.06626122052995144 0.2870400064524672 -0.06388536454978573 0.05544466201593783 0.1339025638710201
 0.3473360822813154 0.2584651803135035 0.3064062516990392 0.2544779030474092 -0.2083437960261964 0.1593747741599982 0.2303110001363819 0.177233597924121 0.3630783327449758 -0.2184162771827383
 0.6122864730726159 0.09257720091239363 -0.03171369464744551 0.3553754497033888 0.3799466822093321 0.09856249458341923 0.3318679949667758 -0.06892823369131811 0.8063774053902233 -0.143937373206579
 -1.629421510480417 0.1805622465181804 0.04677646115625521 0.3281634999600042 0.08872566345565726 -0.02455967945010439 0.7799888264612022 -0.3978094546942799 1.590393038424659 0.7489269514338023



# name: <cell-element>
# type: matrix
# rows: 1
# columns: 14
 0.2061661259262468 0.4485232886801293 0.7907422870217303 0.9789881273812004 0.6687579099979655 0.4816910560603638 -1.85755252770428 0.3187804944790566 0.4513054890431313 0.7477699802441354 0.3925260969082862 0.6542875047534079 -1.771008059694127 0.1450710985944223





# name: errorVector
# type: matrix
# rows: 1
# columns: 700
 0.009179672835506383 0.003085493382828087 0.000438009643120311 0.01489256136097811 0.0015535868728492 0.0187665316681045 0.01081515618619664 0.00622517298171617 0.0005050892159779936 3.502402973426169e-05 0.02538648837879821 0.00639983155682112 0.0005750154997776671 0.006154058508770266 0.01359889649733984 0.05963868829727824 0.02303160594751887 0.01315373188885406 0.0007761147515911173 0.006546100215653048 0.002469158212877615 0.01856205126878039 0.009094590117473064 0.02108298710736795 0.01625448002121126 0.0007978177579362719 0.002922169739011844 0.009120313626131535 0.04115331249441669 0.01399166031708317 0.004036826362739125 2.86530484231669e-05 0.002095641813609741 0.0718986259738201 0.0006130269300614673 0.0008601404317927163 0.0003959439429205217 0.002487619116836221 8.927257834383857e-05 0.0173501307994102 0.002909817333850226 0.0049124841330064 0.0005918394900949396 0.003262740470979876 0.005021275157067443 0.008309839399614173 0.004524096070234893 0.007633174729486044 0.003345318667615285 0.01054228962142323 0.008525372299241746 0.001440951586451224 0.01531448458399108 0.03747591515699807 0.003708012720635582 1.703152998305317e-05 0.0111795461789382 0.009438769265819706 0.05137295281341568 0.006539810574741142 9.304699273438693e-05 0.008553153609124585 0.0008268240732778205 0.03211621012263515 0.01233856782375683 2.969855658094125e-05 0.03333386622731665 0.006511112245814091 4.932572126738201e-05 0.02100167345502096 0.002438784901296442 0.0004973387378637428 0.07254284815149666 0.002720067956784382 0.0144648733942657 0.01682576467390028 0.002303054403016609 0.0007216523366415455 0.002854119036743176 0.01275032439131682 0.001719231999426901 0.001096086036968424 0.000759696794782635 0.01393985522489409 0.004613526831619442 0.01220552267154197 0.01031680256141623 0.00353769535195442 0.005942196565453538 0.0002490690971057697 0.01095210325601264 0.004317748877034577 0.004355561117596801 1.725495127043249e-06 0.08180437639930015 0.02870691795698995 5.553283518150175e-05 0.0018090373944361 0.01339817751416443 0.03572409428231114 0.01496338777723293 0.003969506971848473 0.004863816853104393 0.006217126401285527 0.001269108605634151 0.008262419576979596 0.003591680891482865 0.0148164367105049 0.03443821602314404 8.521593607885872e-05 0.01448898413040064 0.0002341006100184912 0.00626455375007971 0.007697942850248738 0.006205888102976079 0.0533661690317107 7.873654125218203e-05 0.043379406951013 0.04978272047456608 0.004595587302990593 0.01500432469969286 0.008580043174805124 0.000612161527233355 0.003895002095381836 0.0988971653557327 0.001099786221607166 0.00650341294041565 0.004945426642844948 5.451980967473614e-05 0.0001884020676641894 0.00353722473060674 0.01620776077670484 0.002330591978419737 0.001359250153432454 0.004670291201762738 0.03080294695993357 0.001266656059391409 0.0009797822756752576 0.007311318238347915 0.01448755825749062 0.0005985591557815862 0.0006373224843511091 0.005589792732925657 0.004517966884775514 0.01061791130150504 0.0812534101762232 0.002171538784275581 0.02107549953494124 0.01347407882773525 0.01942093162547633 0.009099675882981374 0.01151585402177429 0.004008779972901282 7.407471029667943e-05 0.0004086959465073821 0.08037774730694222 0.01010990056088346 0.005729619752486434 0.005680919833042621 0.003169889671012002 0.005893598958363155 0.0004591413505486094 0.0004198298674390579 0.01197732645843647 0.004070900064972077 0.00649604372246213 0.008876542862684736 0.01357984726574924 0.004620693681506274 0.000100584573141761 3.553274990941624e-05 0.0006982686818943604 0.07514661446580001 0.004939825434743701 0.06667351383812498 0.0295547351111825 0.002953198410379662 0.0006477461549343552 0.01064579883049196 0.02060060620636582 0.006896270317896045 0.03890477384572413 0.03743870114812129 0.003471053301717884 0.03257753008835389 0.01054815712142776 0.01480966325719388 0.006985229857820721 0.006520751272182204 1.729429938433024e-05 0.01881471074045168 0.001303162644439643 0.008738358919620621 0.009455253772673818 0.06804829866080701 1.331073641888326e-06 0.003908854037014086 0.0118571574724184 0.02333868945792206 0.0001365282383378375 0.02239351537153857 0.0005737591326100241 0.01392522466597908 0.0218458614429295 0.004632566775266801 1.874856379779628e-05 0.008967939970732535 0.01143383996958711 0.03069802011491792 0.0005264215851325243 0.01009516296486177 0.001935324817748231 0.003227873640771579 8.088302729742682e-05 0.06496967001074057 0.01314640741373784 0.000604307414093947 0.006690013846985083 0.001666324789976898 0.002753833718933572 0.002138140126171332 0.003462545315044795 0.01283762020823319 0.0004706371409042517 0.005399214593275729 0.01214094778921686 0.001437317472945654 0.01644227906314654 0.009892798273445155 0.003584951933994524 0.005324578894072325 0.0003351653517777602 0.01458160373783242 0.001431800412324759 0.0003344832876776419 0.001823640920134222 0.001498443448389483 0.06358816766025967 0.001552036190256329 0.0008220512627346911 0.001819084332092687 0.01857119411349369 0.009062216280230236 0.003973729637636985 0.001832298878742961 0.01133928951683334 0.003397506590925123 0.009121523565360633 0.001710188552179894 0.005038319915067778 0.005862229750733392 0.01642138014158293 0.002267667898371292 5.9288801692709e-06 0.001243507776441915 0.00584960137723196 0.01017970170153289 0.002356611726230333 0.002218052857676834 0.009315375400173322 0.007572044712717155 0.003219854911015308 0.01354777316462118 0.01114974155066414 0.008984460829475223 0.03251883658575713 0.007195164305985273 0.005627421020342329 0.001200881977792597 5.563414798504521e-05 0.0009148442887250195 0.03760285450668011 0.06215782267611395 0.01000835796076278 0.08800436519330594 0.01167519784108513 0.02326610586512371 0.003242750460637467 0.00278076755487409 0.009444679870324182 0.0001303763828094673 0.002555408292337565 0.01478178395501667 0.0001645796039140591 0.006661667976187284 0.01870322633735895 0.004461615919774042 0.005269395042314431 0.005101537814605005 0.01767829732028747 0.02675173387599879 0.01548903175593497 0.02050686128717374 0.002992094593569896 0.005327548425574776 0.008369957750652192 0.0100385198717389 0.01364367736505567 0.0002106787639787919 0.01718862787153815 0.0074828716141055 4.211721396193806e-07 0.0142284329771625 0.01076804355661359 0.004799379802724678 0.003128240556372449 0.03050263735647845 0.0002044589904840832 0.0110578637230324 0.004357364834603721 0.006857921670708208 0.004432416859927163 0.001565189738391898 9.471181079372694e-05 0.001384450982554769 0.007115928143331855 0.0002518025419232837 0.01337082221723585 0.005140075736071681 0.006958137544107939 0.01516384209326263 4.151742441368239e-06 0.01807018524635585 0.007036588151177243 0.02465734594460287 0.00478386341421411 0.005342204181030306 0.00432139153041375 0.07421720583124101 0.009907143948379143 0.002400485599641891 0.006619107429521814 0.02041255363567512 0.04049132387336503 0.0001756514188040085 0.00672868112718791 0.05797694395175428 0.004537604866808583 0.001540214701781019 0.01927336244107179 0.002706610296738886 0.01560747295101921 3.342884756784771e-05 0.01271756847792447 0.005002085981764574 4.311272005832936e-05 0.006128390677522138 0.007956932283952389 0.000354546255253649 0.005619001872805811 0.02089585647847841 0.01046946801509511 0.006983457523707542 0.005185150039473584 4.561422230739688e-05 0.0001438744457333646 0.002125754094806654 0.007991604089170616 0.009655866580483544 0.0005246388329707831 0.01593638444256864 0.01450541773399068 0.003367462232319555 0.005534481084944709 2.158337470383766e-05 0.01580247728576938 0.04318905373940073 0.01292759843014171 0.02841319570629454 0.001762123661504078 0.000559730011195487 0.003346672969001069 0.00038534802394695 0.006165640812135836 0.008511999280562562 0.00807541478415268 0.002754937284071501 0.004659035289271612 0.002702481995949123 0.005248432267633133 0.005453241864573464 0.0004670124181703153 0.03434012777186778 0.002280336176150996 0.01349866169062834 0.003231155265731085 0.06631964470970356 6.700957556271933e-05 0.01301642113673919 0.04207851565091534 0.002771768282401612 0.0006752905382122071 0.05207475153268534 2.106958285867038e-05 0.05428564545916396 0.0002497654398910662 0.002456353773224669 0.00274434052904726 7.195112396601035e-05 0.0005079014684175734 0.01226477673718162 0.01611529324884034 0.003854977562103322 0.02571821773805111 0.002822439142663601 0.02492907415751091 0.01365194625176039 0.01553189324008826 0.008164015015326246 0.01233286720424457 0.01380340829600588 0.006045504218797962 0.001391095416640215 0.002550951310653454 0.006591861836421874 1.612276514503876e-06 0.002195632454397468 0.005301555216317695 0.009762345061572454 0.04521009182178062 0.001208732029131738 0.0001743351604028577 0.0369612025138769 0.01700100520998239 0.002739511095972565 0.012468328237214 0.001770587985503194 0.003721010666017466 0.001579808662472772 1.163139741249345e-05 0.001960590058113146 0.008792771064010899 0.002597235155016632 0.0576484020827151 0.05958431362026458 0.01045776444787427 0.0003732938316936666 0.002922435983655553 0.006351709980390659 0.0007604252296175686 0.01011639501569959 0.003263997887214902 0.0009373597556645128 0.005269081670962165 0.01254438129762527 0.01645352474800351 8.429275454266114e-05 0.0003949851228715893 0.005008077551463437 0.05880417869305993 0.001707733355374721 0.006808141331733506 6.839249585206498e-05 0.02074466612990713 0.002980847141822791 0.002633306318818693 0.002115545126458849 0.004677980227108689 0.01365193830477898 0.000168651117446175 0.0001916545068173769 0.001299491404472255 0.01393155321819589 0.009781361252702533 0.01691439539521188 0.0006680257476323207 0.0002610781833164137 0.006861074580139991 0.0003679359628294117 0.005435380472852756 0.008473020937781468 0.001137745567530358 0.00335599568417918 0.005747480005504029 0.0004040078793689022 0.0005193435895174179 0.004700098345824677 0.01420256050094655 0.002220224526666697 0.008429166804139179 0.0006874473331485336 0.002327470829729563 0.04786543979678248 0.004876406101679887 0.0004480649631406799 0.008156476523974183 0.002260417719744802 0.001946680911078161 0.000932327709520254 2.170898823779473e-05 0.03405061706893332 0.01937391948159098 0.000118045073988323 9.408776072475918e-05 0.01149889465368149 0.00332580149285329 0.002818971866695135 0.00273875138863467 0.002340214880724837 0.0004029408323429394 0.02430926159035673 0.0005923802103617379 0.007613010711532662 0.002709219274560103 0.01054053100206602 0.06281260269761425 0.0009886431375039702 0.01038464759485528 0.02639810242175218 0.04374906724246402 0.005434852989577323 0.01727479150569304 1.286138902674421e-05 0.0001626475355202214 0.01867348646534675 0.001841035135729961 0.01055845487040675 0.002371541024597084 0.001829363265180778 0.03588132334403173 0.001232900823527783 0.01089252998341434 0.01383146451986236 0.0205777971125245 0.0130408749999326 0.02162437973938264 0.002142442764245869 7.568256421341221e-06 0.02169651146814211 0.008855604078098203 0.003203940817979142 0.00768578783500416 0.007075284628388824 0.001254317022862542 0.02212533891185833 0.004071512999552293 0.004630756045256951 0.01577679766703405 0.02681665608735716 0.0002016180453979489 0.0008982260985830023 0.004696953910175122 0.0002428440646782511 0.006737186984977634 0.003437074335567233 0.04689395653485098 0.02018128040265857 0.01170310971114027 0.003636102690859168 0.01170802721602679 0.001846188795347269 0.0002298937534707036 0.01279716621587347 0.0009282512168656572 0.007407441758238971 0.01033106193700216 0.0107264604887535 0.0005663601601041398 0.004428097748288177 0.08114303862787418 5.565423104150202e-05 0.0007069776224518801 0.08176292396268145 0.004046115856826441 0.00308891154839334 0.01937853199253045 0.009394058180270941 0.003152921956068146 0.001339823331605186 0.007226824608112183 0.008463654134337804 0.002706669399373566 0.0115280039246045 0.004464938519476219 0.00352184057134777 0.01354182215901719 0.05599892798781837 0.0002076743951500341 0.04718441989185387 9.033309300755496e-05 0.00751863867499678 0.005933258005794509 2.169831644085793e-07 0.001363275003511016 0.007922563756216602 0.007748899426058694 0.03446464085840455 0.002787310290405517 0.001941270459322505 0.01276072453920059 0.00988514787257757 0.0003867756470553556 0.02977877164033428 0.007732660929996319 0.0004056639039542807 0.0003926179166835183 0.0005810605690539983 0.00215632795054647 0.01127188218504764 0.02158976094255388 0.0004495154408089235 0.003673301896281095 0.001407115558693247 0.02380107013247267 0.04098559259446626 0.005626624536287303 0.0002625645045378207 0.01350487128112816 0.03551640817280066 0.00091081556471408 0.001056371990758254 0.0005482041610793909 0.0001400160234295235 0.0005668686458680657 0.0001837219081798053 0.0008210843209653058 0.01078671002828315 0.0105800801360403 0.002973170234866017 0.001188966995054592 0.01031973363822935 0.00101154330318964 0.007413038971104658 0.008408340635132096 0.01276748531089741 0.001357636492576895 0.001436865380880161 0.01185832715561134 0.006799536655494202 0.03572022557063531 0.008411671045445261 0.02054757232792938 0.009612855862410502 0.01589857030245087 0.0003270444194932523 0.005256146058562873 0.04112978024416369 0.0003483842333861701 0.005877336375459162 0.0261186777061811 0.001867607679575134 0.0001186873567402209 0.0005422743793094192 0.01959751237716288 0.00152886117225161 0.001066232164682853 0.008755531227119527 0.003151938480632316 0.006739185409997481 5.09125598636595e-05 9.88916073294795e-05 0.05661173277744383 0.01971772012589229 0.02126650234645583 0.0230597065549965 0.0001584668181730162 0.0006261871621378348 0.03693755144982946 0.001762473705815458 0.0004919876114139971 1.15988057034067e-06 0.01435878556565671 0.0008851515811615767 0.01257336058989725 0.008828414450159017 0.004674750762353602 0.004858738098240938 0.007651727615773035 0.03220567265896648 0.006787647010715922 0.009776600621661543 0.03744012827212324 0.002618361045471498 0.00292678076064778 0.005710008018974949 0.00375977374730252 0.01032096315445071 2.414269423853561e-06 0.02571013428269646 0.001340240242049194 6.472682403610624e-05 0.04225811935147045 0.01049809988961781 0.001469044647803039 0.002969062304644387 0.002783148853319356 3.778429303363738e-05 0.0004116402628057365 0.0006220421192642238 0.001119569628680104 0.04139526133745967 0.0003971686690315658 0.0002491027275535745 0.002553490082161721 0.01078762818681623 0.0007832184477074139 0.0007053518153223818 0.001100953162921418 0.002166507508983968 0.01744638270170946


# name: test
# type: scalar struct
# ndims: 2
 1 1
# length: 8
# name: meanError
# type: scalar
0.01135555579739675


# name: result
# type: matrix
# rows: 1
# columns: 298
 0.2394606447535638 0.8658385339848741 -0.8167673880629156 -0.8394577569764435 -0.8354698784568672 0.8284924783791701 0.7350053951548652 -0.6992575250332274 -0.8394146905367951 0.8226144994906417 0.4169415663719828 -0.8806580472633065 -0.7515505485972855 0.7554783530387874 0.8192492554687913 0.8359185574404638 0.8150938617494149 0.748202826689675 -0.8165968951028048 -0.6566207222937187 0.8354085793021115 -0.6351576564422863 -0.7124729776788021 0.7840856445268423 -0.659892124322869 -0.5198364650026803 -0.6869256143240884 -0.05292704051349123 0.6981507259001486 -0.3657950112758403 0.3904184882394275 0.3769313855563031 -0.6849933528788029 -0.6957330262213032 -0.7606916381761201 -0.02151020608783659 0.6893175808273845 0.7775994210183765 0.8312230249279534 -0.7383311799758443 -0.002523671176113908 0.7121040402315516 -0.2782422249273852 -0.5466158744627836 -0.3006705777842923 0.2207713389642411 -0.7195021442354969 -0.6945585070345073 0.2132178641628005 0.3010205177206844 -0.875087653947714 0.6663780918328802 -0.3134346448856248 -0.7104677963654303 -0.04793216214771279 -0.821155419218959 -0.8324393536446479 -0.7976212316277326 0.7915167067954412 0.6860790164285443 0.2505503575578341 0.3275272442744726 0.2165014901183897 0.4997280787177222 0.3828245502330925 0.01830738041769199 -0.1375322227355828 0.9355249766418418 -0.8144125230429436 -0.5091311774922757 0.635425646766927 -0.3499543427466116 0.8574700059411111 -0.1181492758769133 -0.8328539012929841 0.7924567756263132 -0.791823390273165 0.8425504750421762 -0.4694026144813364 0.7074455214696178 -0.8376607619386347 0.8629440562397008 0.18051570275946 -0.7564872383987198 0.68969262646943 -0.719007189350287 -0.7488648162990875 -0.5844235952864792 -0.7990966970309883 -0.7484807467640655 0.8918411714831487 0.9074819437075315 0.7851810016353143 -0.302487298631664 0.7111476268066667 0.1371349927588635 -0.17577899118266 -0.8109696364880844 0.1219663184278541 0.4569017767894231 0.1031622170182645 0.8414683769769459 -0.643189369111224 -0.813966470505821 -0.143397011420476 -0.004465339940746366 0.5444037498972053 0.7731310029394135 0.817644931214783 -0.1678709286953059 -0.672537507006986 -0.819379369736785 0.3245720139477019 0.9481424724836215 0.7706970835143261 0.008644364553964085 0.4173656993851761 0.9567041590969593 0.8138135348001188 0.7904899817495055 -0.639426892448295 0.4675006811476478 -0.442840162613423 -0.3307375775565842 0.1439293855876213 0.7302364968991771 0.06763317479378678 0.4808020275066713 0.5750310880161206 -0.01977496392197949 -0.8414374770418889 -0.8396139142381089 0.8968806346455599 0.3133138152301228 0.4716710071204416 0.8098432840530746 0.85990495797212 0.7636203109652426 0.1375285194425751 0.2628408557703951 -0.6050629944391879 0.4846117527203149 0.8611976417815107 -0.7308068994481547 0.2185342028021013 0.5101672059297555 0.7603509462068763 0.7354731867127549 0.8243814148427459 -0.0227587198649878 0.8151699793651201 0.4819176148060815 0.8035327313713436 -0.7838454142185528 0.7811374654198275 0.6574048649689826 -0.7121862655922586 0.7533703859360462 0.7863208268148822 -0.4472060785613821 0.01307457597466394 -0.8382100195055512 0.3314435662219432 0.387325715410442 0.8272001995914035 -0.7174239274710175 0.6591425905029688 -0.8171639860677282 -0.7743636345165477 0.4887282245954338 -0.444826030412215 0.1933174220546554 0.6371418123104199 -0.8042735900754685 0.2071269584948712 0.8874607708113507 0.1260093605615438 -0.5221146388776999 -0.8175995440979975 0.5992819244710709 0.5249194709809297 -0.4986878248589469 -0.6002299115454894 -0.8793579007829793 -0.6520162784637826 0.8001650985658221 0.7749333988493589 -0.4436712238695653 0.7966241993034181 0.1322772902111564 0.3363174304836006 -0.1711837887376259 -0.6834131791670072 0.4546859596040274 -0.8157711463396496 -0.8201760442914933 0.7731917761607036 -0.8297281016990038 0.6619455544161645 -0.2951343323961985 0.3075083370238439 0.2537281716564723 -0.7179041349919133 0.1378205420355909 -0.6713484041533467 0.8068666796338243 0.4600019513136431 0.8700308171375168 -0.7008580764931361 0.815736800198016 -0.2652908272778909 -0.7205150037086026 -0.8406481239686132 0.6866644792108352 -0.8442311344222847 -0.7850802547697115 -0.09423943598683403 0.1036805983969427 0.7387683819268069 -0.5047318308046117 0.9056112488235704 -0.5870578805326849 0.5355871903336533 0.8050912563595626 0.765724749458095 -0.4184985020575533 0.7959551815394678 0.3576100447441872 0.9329551050928339 0.2474960206152719 0.8276580639812731 0.3549744225726027 -0.5953517769642473 0.3114070745176345 -0.7698488420485676 -0.711988753039702 0.7430785620913405 0.8443851549409479 -0.3360284355372754 0.7738942493792038 0.8390078956202759 -0.3616693221031664 0.844218380491126 0.3752166671478328 0.7922641274797975 0.8733426489065907 0.5117841456137909 0.792483317572711 -0.3770036167893031 0.4600516593410702 -0.8469480752039642 -0.182406253958773 -0.7960521956546662 0.7583697258639427 -0.1614602790846419 0.5812828738004676 -0.8109351775450349 -0.8348649284929656 0.1994099207730408 0.344989000296362 -0.3529964379105499 0.6106057573521004 0.5305551565470731 0.4983822999258281 0.6390807593386371 -0.6552470986278075 0.8968343724811974 0.9075958856468415 -0.6747878409410091 -0.7757166929468455 -0.8372642673548489 0.7365472570231884 -0.8163733665578427 0.7760461389101247 0.8025034795870757 -0.8023719157049147 -0.8408041279202974 -0.8228595498658874 0.6319524565798355 0.28943626543532 -0.7929744110395845 0.7794323887253499 0.8331192682811162 -0.8059657325494731 0.3744197737945381 0.8084075075332963 0.2527109003973207 -0.87548300123555 0.7367739655905252 -0.2149418983180623 0.8390868368256716 -0.4370972646014898 0.6697507265911919 0.2068674134495329 -0.4516916763350786 -0.7790096509268246 0.6403710385993661 0.0708462229877008


# name: diez_good
# type: scalar
37.58389261744966


# name: diez_bad
# type: scalar
62.41610738255034


# name: cinco_good
# type: scalar
18.12080536912752


# name: cinco_bad
# type: scalar
81.87919463087249


# name: uno_good
# type: scalar
3.02013422818792


# name: uno_bad
# type: scalar
96.97986577181209






# name: params
# type: scalar struct
# ndims: 2
 1 1
# length: 22
# name: patterns
# type: scalar
1000


# name: training
# type: scalar
700


# name: test
# type: scalar
298


# name: n
# type: scalar
2


# name: eta
# type: scalar
0.08


# name: alpha
# type: scalar
0.3


# name: arq
# type: matrix
# rows: 1
# columns: 4
 2 9 13 1


# name: maxEpocs
# type: scalar
1000


# name: adaptInc
# type: scalar
0.01


# name: adaptDec
# type: scalar
0.01


# name: adaptStep
# type: scalar
4


# name: adaptM
# type: scalar
700


# name: actFunct
# type: scalar
1


# name: delta
# type: scalar
1


# name: layers
# type: scalar
3


# name: w
# type: cell
# rows: 1
# columns: 3
# name: <cell-element>
# type: matrix
# rows: 9
# columns: 3
 0.1445165321760014 0.371883957251278 0.20564299455879
 0.2985169229964241 0.4439147079004752 0.4524079693478125
 0.07561274020898776 0.1568509070678285 0.06845794679823355
 0.3779751981456567 0.04039016088556626 0.4190777859758557
 0.2248543121306372 4.202103560493331e-05 0.08178693102595178
 0.1232078356645167 0.0949457753792107 0.1377542965383286
 0.008891634120396808 0.3515898016616216 0.02000843865002063
 0.2169023720467927 0.0228926861147595 0.4347994067446279
 0.3962955085973083 0.4432575935389486 0.1483386695050656



# name: <cell-element>
# type: matrix
# rows: 13
# columns: 10
 0.08483633399303084 0.1375824040410882 0.08022151403921676 0.1233491040394728 0.0439299027551446 0.0495225692691715 0.1431336438502534 0.3917470895291534 0.005679610746140063 0.3333376957161665
 0.345184247053583 0.03416226702261168 0.0261315348821017 0.2201236709203654 0.2034634718677496 0.09775249937550176 0.06141104099301516 0.3402697163598515 0.4244378174204351 0.1189996408198399
 0.1451602769375185 0.3421744620601513 0.1808980620806529 0.2929034206325084 0.4134410478995438 0.3368135010727136 0.1686049281759549 0.1594681245761574 0.02267113741136075 0.370874694645523
 0.2275924034796083 0.1281220102689906 0.4814343441690044 0.3256656101198734 0.4848442453714684 0.3602741485901216 0.4507943702893251 0.06827608373012903 0.1391391786355163 0.4760726186298827
 0.2779791432194741 0.1717802705353345 0.4195296521006173 0.4364358662993789 0.2389931575568281 0.2583676929304613 0.4554076645790908 0.4172238743559317 0.2774803359213744 0.1268404410800918
 0.3092901619542499 0.4426825063813352 0.1186879863847052 0.03813773099755321 0.003678409976523822 0.3534661882199747 0.1185469581686603 0.3912521261473232 0.3564954365698506 0.1545756127120203
 0.2778364887565673 0.3782726859565991 0.1614587333739282 0.2144263393147836 0.01606358627402351 0.2783331779721143 0.4364793612748322 0.4304739885832252 0.4396964604410208 0.4602637378060946
 0.0247837512891876 0.08571348224289685 0.01060253722839851 0.009528857902612342 0.4644617558389244 0.0924626215935995 0.3463583848093256 0.2613977714169934 0.2327172756107325 0.1369398004698359
 0.2508726894100087 0.1580527918407022 0.1894663177779841 0.4113959030222327 0.1051364942900781 0.1735757526020099 0.2444936024431796 0.230688396210173 0.3371705791201176 0.08453814290632258
 0.2746888055855579 0.08084435458904374 0.2686976388595237 0.4748162672638376 0.3289588692026531 0.1502941613794008 0.4121585790739797 0.0891415784032952 0.06974373147223242 0.3326882532334807
 0.2583291702680122 0.03959504026087587 0.306804408410764 0.1754270091236967 0.02644289344793196 0.352695131351871 0.373591432670502 0.389823236978714 0.08214629135625559 0.0412406716813364
 0.4252690399986215 0.2796565677011854 0.00686417192350266 0.4468459007685551 0.3754449513464169 0.03900471657018419 0.254858753965492 0.108092980639405 0.3737335406169704 0.1012872312756767
 0.05066457449986741 0.4635894992242164 0.08932586239074999 0.2746426427755552 0.2758128267440851 0.2685678259849187 0.3844426515532854 0.3074880779790912 0.4412160715491178 0.08534201089963236



# name: <cell-element>
# type: matrix
# rows: 1
# columns: 14
 0.227333556248888 0.4404053140462015 0.3897936885969143 0.1469175013232477 0.3341291551193091 0.2031801051265205 0.0617556182983179 0.4273397503848121 0.3862592261492552 0.4047404287308618 0.2696963937833044 0.299757543307959 0.1943032931426298 0.07345060535676876





# name: trainingInput
# type: matrix
# rows: 2
# columns: 700
 -0.945775 0.945875 -0.94575 0.496375 0.8566 -0.385075 -0.65935 -0.08985 -0.086275 0.3511 0.199975 -0.521825 0.390875 -0.9079 0.0103 0.9362 -0.433925 0.183175 0.71835 -0.91635 -0.94975 0.9033 0.642475 0.949225 0.9457 0.280575 0.633375 0.15805 -0.0197 0.94965 -0.926925 -0.910075 -0.9423 0.24625 0.216825 -0.932975 0.7540249999999999 -0.30215 -0.0388 -0.143925 0.3735 0.489175 -0.9349499999999999 0.303975 0.81355 -0.6853 0.805575 -0.783775 0.58395 0.87285 0.734325 0.50465 0.91805 0.932975 -0.942675 -0.850425 -0.674975 0.483775 -0.87565 0.546575 0.000325 0.94085 0.408425 0.8270999999999999 0.9091 0.372275 -0.021425 0.06325 -0.06525 -0.413425 -0.51105 0.892075 0.84915 -0.44715 0.66855 0.002375 0.806225 0.8366 -0.66135 -0.252225 -0.2411 -0.89955 0.79905 -0.505425 0.019 0.82085 0.842175 0.8746 0.947525 0.94645 -0.768 -0.8607 0.8891250000000001 -0.655575 0.649075 0.733525 -0.41695 -0.884625 0.9102 0.94895 0.94595 0.003875 0.5461 0.5832000000000001 -0.25045 0.91675 0.8316750000000001 -0.657875 -0.91595 -0.92735 -0.878775 0.43055 -0.01195 -0.423125 0.9167 0.903425 0.847525 -0.09625 0.163225 0.522425 0.94575 0.426225 -0.88275 -0.9085 0.8659249999999999 0.095775 -0.3048 -0.017875 0.9454 0.88015 0.7882 0.223375 -0.670075 0.850475 -0.949075 0.5886749999999999 -0.445275 -0.847575 0.935375 -0.879625 0.8096 -0.1621 0.899125 0.122575 -0.38145 0.59555 -0.1182 0.0867 0.429275 -0.8502999999999999 0.32 -0.009299999999999999 0.9331 0.057675 0.92985 0.6555 0.864 -0.949975 -0.761675 0.15075 0.844825 -0.9495 -0.892675 -0.92175 0.8200499999999999 0.24335 0.5641 0.9398 0.302325 -0.16435 -0.564375 -0.8588249999999999 -0.0393 0.9497 0.70935 0.94995 0.79075 -0.44545 0.925175 -0.751825 -0.084275 -0.8091 0.163625 0.6839 -0.845075 -0.00575 -0.886175 0.08515 -0.924225 0.851575 -0.0492 0.802775 -0.537625 0.5907 0.7191 -0.9409 0.6132 0.311175 0.648875 0.632525 0.887325 -0.9264 0.491275 -0.1033 0.6496 -0.94945 -0.9029 0.0702 0.2953 0.8204 -0.9477 -0.831225 0.76585 0.375375 -0.94975 0.877275 0.09555 0.238125 -0.8771 0.852125 0.161725 0.588825 -0.945125 -0.942975 0.88855 -0.830525 0.742325 0.2821 -0.70425 0.6456 0.2918 0.905675 -0.785025 -0.8898 0.87115 0.243325 0.928175 0.948 -0.94285 0.947875 -0.442525 0.737125 0.779975 -0.576375 0.21 -0.147175 -0.356325 0.6127 0.38085 -0.949075 0.484425 -0.662775 -0.7126 0.22235 0.26075 0.9490499999999999 -0.1064 0.805825 0.713975 0.2055 0.8349 0.5312750000000001 -0.712025 0.933775 0.12635 0.9146 -0.184125 0.319375 -0.9421 0.827275 -0.944775 0.850075 -0.230475 0.930775 -0.772525 -0.76745 0.8461 -0.08309999999999999 0.8951249999999999 0.8068 -0.052375 -0.5717 0.837375 -0.536375 -0.844 0.898 0.342675 0.809975 0.37645 0.42125 0.249075 0.915025 0.949175 0.480875 -0.9374749999999999 0.67805 -0.685925 0.818825 0.1657 0.54405 0.804675 -0.869 0.924 0.332025 0.17005 0.240725 -0.7973749999999999 -0.69915 0.8227 0.8809 0.566475 0.162775 0.331625 -0.304875 -0.30965 -0.01975 0.17975 0.6081 0.94225 -0.9373 0.86825 -0.41835 0.6260250000000001 0.13305 -0.82885 -0.9339 -0.5935 0.3469 -0.3466 0.6592249999999999 0.788 0.852 -0.61375 -0.237875 0.3414 0.573775 0.423725 -0.4054 0.944475 -0.06419999999999999 -0.6723 0.454175 0.042275 0.0604 -0.0306 -0.730425 -0.18615 0.8539 0.729375 0.67165 0.851225 -0.3755 -0.8875 0.895 -0.854325 -0.687825 0.206775 -0.8046 -0.7036750000000001 -0.350675 -0.40985 -0.624175 -0.23985 0.947975 -0.786525 0.003725 0.621025 0.93725 0.2013 0.949225 0.881825 -0.5715 0.5072 -0.94925 0.385725 0.819325 0.933825 -0.8979 -0.29855 -0.020075 -0.828075 -0.75 0.18435 0.8482 -0.76905 -0.006 0.868025 0.6718 -0.64515 -0.4216 0.7629 -0.82335 0.94985 0.7207 -0.300825 0.755525 0.339525 -0.43555 0.934025 0.544725 0.3786 0.215325 0.643925 -0.6976 -0.083625 -0.945375 0.948025 0.0711 0.882825 -0.1856 0.5215 0.57345 0.935175 -0.156325 0.857725 0.79945 -0.949275 0.91265 0.678125 0.800475 -0.933325 0.9495 -0.166325 0.860375 0.40395 -0.9477 -0.679825 -0.436075 -0.014875 -0.90345 0.684625 0.5892500000000001 -0.08715000000000001 0.815225 0.90935 -0.79065 -0.77145 -0.88495 0.370175 -0.94475 -0.161325 -0.746825 0.072675 0.92105 0.0764 0.33555 -0.41605 -0.637625 -0.830175 0.22295 -0.0122 0.8739 0.586825 0.6757 0.899775 -0.510825 -0.1467 0.87695 0.437825 -0.11055 0.932675 0.759425 0.42835 -0.7727000000000001 0.8498250000000001 0.4836 0.923825 -0.21035 0.94995 -0.692275 -0.143275 0.863225 -0.879275 -0.706475 0.291325 0.80455 0.909825 0.64695 0.794675 0.772125 -0.949775 0.7798 0.62465 -0.436725 -0.340875 -0.14115 -0.937025 0.8814 -0.9491000000000001 -0.941225 0.533875 -0.09042500000000001 -0.136475 -0.565625 -0.05445 -0.27645 -0.937775 -0.05405 0.939575 -0.82545 0.94915 -0.778975 0.005 0.782425 0.77625 -0.92315 -0.1781 0.37485 -0.94365 -0.885925 -0.856325 0.262825 -0.48835 0.2689 -0.881325 0.3032 -0.5377 0.9074 -0.4671 0.69325 -0.62985 0.941725 0.79945 0.76035 -0.170075 0.323375 -0.318075 0.718675 0.9038 0.436525 0.45835 -0.78545 0.908875 0.883275 0.943925 -0.210275 -0.938975 0.1765 -0.255525 0.9497 0.372575 -0.926975 0.7993 0.857625 0.79575 -0.138175 0.355975 -0.7982 0.944675 -0.894875 0.137225 -0.20435 0.564725 -0.9288999999999999 0.64625 -0.83145 -0.299525 0.913625 -0.6612 0.792725 -0.02175 0.6502 0.67825 0.3496 -0.160325 -0.619075 -0.891375 0.24025 0.267475 0.5461 -0.323375 -0.07455000000000001 -0.617225 0.0181 0.806775 0.9271 -0.949375 -0.6664 -0.592525 0.459575 -0.647525 0.7581 -0.42905 0.94945 0.90805 0.055025 -0.5710499999999999 0.8296249999999999 0.26545 -0.33115 -0.380025 -0.585175 -0.8702 0.820475 -0.944375 0.8017 -0.873575 0.171425 -0.84955 -0.94765 0.83 0.8973 -0.4552 0.814225 0.902825 0.923125 0.8022 0.308625 0.76535 -0.421575 0.09455 0.31245 -0.621475 0.79125 0.040225 -0.60795 -0.90115 0.556125 -0.8597 -0.019225 0.923175 -0.88005 -0.143975 -0.273825 -0.875725 -0.266575 0.313725 -0.357425 0.2784 -0.6082 -0.00225 -0.94115 0.3657 -0.9421 -0.14635 0.781525 0.7811 0.9489 -0.45705 0.888475 0.94985 0.21185 -0.6214499999999999 0.913425 0.927875 -0.905075 0.012975 0.74685 0.007900000000000001 -0.9238499999999999 -0.793575 -0.244525 0.94635 -0.742 0.9479 -0.917475 -0.8656 0.94125 0.184375 0.63715 -0.93965 -0.826725 0.30385 0.4379 0.683825 -0.4576 -0.920425 -0.927675 -0.74165 0.160925 0.94015 -0.09947499999999999 -0.8160500000000001 0.47465 -0.834025 -0.514275 0.50695 0.249225 -0.392925 -0.9487 -0.38975 0.521575 0.904825 0.69155 0.6502250000000001 0.70575 0.0711 -0.22735 0.94615 -0.573975 0.9299500000000001 0.1969 -0.882425 -0.79025 -0.84305 0.7461 0.8234 -0.640175 -0.925025 0.779875
 0.9489 -0.8702 -0.39845 0.943925 -0.65935 0.573775 0.66855 -0.8607 0.842525 0.003725 0.945875 0.9038 0.426225 0.94895 0.9424 0.238625 -0.443675 -0.62985 0.932675 0.9479 0.902825 -0.949275 -0.8656 -0.814675 0.372275 -0.83145 0.9438 -0.4923 -0.387975 -0.04405 -0.844 0.92105 -0.42725 -0.09042500000000001 -0.6701 -0.920425 -0.869 -0.94575 -0.93615 -0.8195750000000001 -0.828075 0.5072 -0.830525 0.171425 0.22235 0.3511 0.262825 0.54405 0.8204 -0.8160500000000001 0.9492 0.3731 -0.3755 0.1908 -0.9409 0.817275 0.882825 0.895 0.7887999999999999 -0.8898 0.744 0.0702 0.8932 0.84975 -0.130475 -0.143975 -0.949975 0.59555 -0.5458 -0.624175 0.915375 0.160925 0.121225 -0.29855 0.8747 -0.94115 -0.282 -0.82545 -0.793575 0.3032 -0.05445 -0.854325 0.683825 -0.2411 0.864 0.9408 0.37645 -0.300825 -0.08985 0.40585 -0.356325 -0.768225 -0.30965 0.67825 -0.94995 0.932975 -0.6938 0.87695 -0.64215 -0.136475 -0.255775 0.8017 0.38085 0.7811 -0.442525 0.76585 -0.944375 0.191575 0.7802249999999999 0.819075 0.754975 0.161725 -0.77145 -0.269125 -0.143925 -0.949775 0.88675 0.1765 0.8611 0.9074 0.1348 0.7191 0.94965 -0.1006 0.29325 0.87285 0.493125 -0.94685 0.223375 -0.0306 -0.730425 -0.64515 -0.879275 0.6247 0.9398 0.94985 -0.685925 -0.927675 0.8973 0.773425 0.863225 -0.933325 0.58955 0.934025 0.011575 -0.8588249999999999 -0.9477 -0.746775 0.06325 -0.288125 -0.8979 0.5548 0.7798 -0.932975 0.13665 0.2821 -0.655575 -0.95 0.21 -0.2182 0.21185 0.9271 -0.4552 -0.94945 0.8504 -0.585175 0.668825 -0.255525 -0.5935 -0.7036750000000001 0.302325 0.483775 -0.9421 0.308625 0.94085 0.69155 0.923175 0.94965 0.007900000000000001 -0.9495 0.7581 0.933775 -0.157275 -0.796625 -0.33115 -0.61375 -0.94975 0.924 -0.885925 -0.42905 -0.942675 -0.706475 0.057675 0.93785 -0.1621 0.79575 0.86825 0.122575 0.91265 0.949225 0.734325 -0.937025 -0.94925 -0.084275 -0.30215 0.851225 -0.174625 -0.925025 0.865275 0.051525 -0.949075 0.684625 0.9495 -0.14635 0.8482 0.5832000000000001 -0.8958 -0.421575 0.62465 0.0711 0.8316750000000001 -0.22065 0.805575 0.94595 0.46425 0.522425 0.50695 0.57345 0.4481 0.7629 -0.445275 0.74685 0.860375 0.423725 0.296875 -0.1064 0.758525 0.429275 -0.0118 0.881825 0.931525 0.804675 0.453725 0.935375 -0.2395 0.339525 -0.572425 0.0604 0.94615 0.8022 0.851575 0.370175 0.887325 -0.210275 -0.023 -0.9163249999999999 0.642475 0.244175 0.9388 -0.709525 0.1841 0.849475 0.58395 0.291325 0.67165 0.755525 0.899775 0.199975 0.9167 -0.1182 0.79945 0.339925 -0.510825 0.28205 0.75115 -0.318075 0.3108 -0.867525 0.713975 0.94645 -0.93965 0.69325 -0.564375 0.9359499999999999 0.5886749999999999 -0.08845 0.323375 0.390875 0.261325 0.480875 -0.357425 0.857725 0.2918 0.806225 -0.949275 0.94995 0.878 0.749075 -0.60795 0.8746 0.633375 0.888475 -0.6723 -0.160325 -0.620125 -0.592525 0.6260250000000001 -0.938975 0.184375 0.249075 0.91805 -0.273825 0.2953 0.6496 -0.44545 0.40395 -0.40985 0.80455 -0.14895 0.79125 -0.019225 -0.3048 0.949825 -0.856325 0.484425 -0.949375 -0.9421 0.492375 -0.9085 -0.84955 0.331625 -0.6214499999999999 -0.272 -0.8502999999999999 0.933825 -0.286375 0.852 -0.12085 0.240725 0.947525 0.847525 0.70575 -0.304875 -0.06419999999999999 -0.9477 0.6757 0.31245 0.8270999999999999 -0.0122 -0.878775 0.0764 -0.1033 -0.871675 -0.5710499999999999 0.694025 0.32555 -0.8597 0.88855 -0.014875 0.9146 -0.20435 0.915025 -0.687825 0.216825 0.772125 0.649075 0.7993 -0.7982 0.9430500000000001 -0.25045 0.905675 -0.8046 0.76035 0.437825 0.94015 -0.317525 -0.93085 -0.380025 0.37485 0.771475 -0.436075 -0.41835 -0.751825 0.0867 0.319375 -0.61595 0.8539 0.932025 -0.92315 0.6244 0.480875 -0.942975 -0.408675 0.913225 -0.521825 0.947975 -0.77095 0.939575 -0.74165 0.47465 0.6127 0.7540249999999999 0.83 -0.53645 0.459575 0.794 0.18435 -0.79025 0.825 0.546575 0.215325 -0.156325 0.801 -0.6664 0.8951249999999999 0.267475 0.8227 -0.052375 -0.8321499999999999 0.9497 -0.76905 0.249225 -0.765 0.6132 -0.6082 -0.8771 0.6081 -0.51105 -0.9339 0.496375 0.892075 -0.9132 -0.08665 0.948 0.928175 0.379975 -0.742 -0.3213 -0.009299999999999999 -0.944775 0.491275 0.42125 0.12635 -0.0393 -0.776975 -0.87165 -0.575525 0.7207 0.163625 -0.433925 -0.6976 0.79075 -0.7567 0.946325 0.183175 0.8096 -0.76745 0.22295 0.93725 -0.07455000000000001 0.135125 0.944675 0.837375 -0.2072 0.913625 -0.033075 0.9331 -0.63585 -0.08309999999999999 -0.23985 0.120875 0.6718 0.9166 0.6502 -0.394475 0.201975 0.332025 0.896325 0.330275 0.8234 0.8054750000000001 0.94915 0.9091 -0.536375 0.908875 0.3735 0.820475 0.4379 -0.94365 -0.9373 -0.830175 0.678125 -0.768 -0.138175 0.2382 -0.350675 -0.79065 -0.941225 0.92875 0.9299500000000001 0.301175 0.079625 0.003875 0.9497 -0.772525 0.814225 0.436525 -0.94285 0.788 0.71175 -0.9216 -0.027925 0.280575 0.019 -0.783775 -0.892675 0.95 -0.48835 0.1204 0.7548 -0.8511 0.815225 0.286475 -0.01195 -0.706075 0.8366 -0.679825 -0.565625 0.94995 -0.944025 0.24605 0.632525 0.71835 0.17005 -0.674975 0.37965 0.879225 -0.086275 -0.45705 0.372575 -0.157875 0.90805 0.2689 0.847225 0.313725 -0.619075 -0.94765 0.94635 0.24335 -0.640175 -0.937775 0.168175 -0.692275 -0.04645 0.94125 -0.70425 -0.09625 0.643925 -0.7126 0.476175 0.77625 0.9115 0.883275 -0.88495 0.162775 0.2055 0.8461 -0.2049 0.012975 0.827275 0.877275 0.7175 -0.5717 0.533875 0.243325 -0.21035 0.8296249999999999 0.09607499999999999 -0.9498 -0.875725 0.93135 -0.662775 -0.151925 0.375375 -0.05405 -0.38615 0.5215 0.15805 -0.18615 -0.826725 -0.834025 -0.87565 0.87115 0.237925 0.920425 -0.7729 0.8809 0.949225 0.648875 -0.06525 0.24025 0.868025 -0.647525 0.311175 -0.12045 0.8498250000000001 0.26075 -0.38975 0.63715 -0.453125 -0.865775 -0.796525 0.800475 0.342675 -0.184125 -0.774425 -0.2903 0.8891250000000001 -0.808125 -0.9374749999999999 0.43055 -0.831225 0.072675 0.3657 0.055025 0.564725 0.2013 -0.266575 -0.020075 -0.896825 -0.92175 -0.9482 -0.949925 -0.945125 0.051925 0.399225 0.19655 -0.2767 0.923825 0.238125 -0.621475 -0.3614 0.544725 -0.945375 0.8068 -0.5749 0.8566 0.948025 -0.9491000000000001 -0.94975 0.949175 -0.6853 0.2853 0.733525 -0.16435 -0.92735 0.64695 -0.170075 -0.380175 0.9484 -0.937375 0.15075 0.3786 0.3414 0.944275 -0.70105 0.7726 0.9203750000000001 0.93915 -0.670075 -0.891375 0.6592249999999999 0.9454 0.9102 0.30385 0.03625 0.88545 -0.582025 -0.31805 0.88015 -0.576375 0.94985 -0.021425 0.850075 0.938975 -0.006 0.5233 -0.5353 -0.904825 -0.850425 0.2457 0.163225 0.79 -0.91635 -0.949075 0.3469 0.67805 -0.017875 -0.91595 0.850475


# name: trainingExpected
# type: matrix
# rows: 1
# columns: 700
 -0.2767 0.87115 -0.88165 -0.674975 0.66855 -0.286375 0.8747 -0.768225 -0.392925 0.649075 -0.8702 0.94995 0.7191 -0.136475 -0.38145 -0.573975 0.818825 -0.8511 0.135125 -0.16435 -0.12045 0.806775 0.64695 0.930775 -0.143975 -0.70425 -0.22735 -0.4216 0.588825 -0.917475 0.5886749999999999 -0.0393 -0.82885 0.678125 -0.93715 0.7726 0.888475 -0.39845 -0.942825 -0.505425 -0.436075 0.76035 0.522425 0.949225 -0.210275 0.003725 -0.027925 0.8746 0.051525 0.9454 0.13305 0.9490499999999999 -0.1033 -0.69915 0.79575 0.5461 0.825 -0.5710499999999999 0.556125 0.423725 -0.873575 -0.925025 -0.766675 0.749675 -0.857125 0.072675 -0.95 -0.8588249999999999 0.206775 0.915025 0.949975 -0.670075 -0.66135 0.37485 0.1657 -0.9482 -0.761675 0.9299500000000001 0.949175 -0.892675 0.2382 0.694025 0.944275 -0.05445 -0.655575 0.4722 0.261325 -0.521825 -0.8607 -0.01975 -0.572425 0.55975 -0.44545 0.883275 0.852125 0.1908 0.8165 0.22295 0.759425 -0.768 -0.43555 -0.7729 0.94615 0.19655 0.931525 0.9495 0.920425 -0.64325 0.454175 0.2784 0.64625 0.8316750000000001 -0.742 0.355975 -0.8195750000000001 0.8054750000000001 0.70935 -0.086275 -0.926975 -0.48835 -0.847575 -0.1621 -0.04405 -0.75 -0.14115 -0.8160500000000001 -0.7727000000000001 -0.95 -0.64515 -0.9477 0.6757 -0.92315 0.9166 0.898 -0.255525 -0.408675 0.878 0.9203750000000001 0.868025 0.5907 0.6718 -0.76905 0.7461 -0.74165 -0.514275 0.483775 -0.8771 -0.88275 0.59555 -0.90115 -0.380025 -0.90345 0.94915 -0.920425 -0.8150500000000001 0.57345 0.67825 0.79945 -0.2395 0.586825 -0.3614 -0.21035 -0.647525 0.851225 0.7313499999999999 -0.87565 0.521575 -0.45705 -0.9421 -0.014875 -0.5935 0.895 -0.945125 -0.38975 0.0702 0.850075 0.43055 0.941725 -0.9491000000000001 0.9271 -0.662775 0.291325 0.718675 0.566475 -0.826725 -0.272 0.902825 -0.6723 0.71175 -0.151925 -0.9409 0.6502 -0.932975 -0.359975 -0.933325 0.313725 -0.019225 0.934025 -0.052375 -0.25045 0.9492 0.820475 0.437825 0.7581 -0.94575 0.0764 -0.894875 -0.91595 -0.910075 -0.763725 0.8022 0.892075 0.249225 0.051925 0.0867 0.7811 -0.91975 -0.453125 0.9091 -0.79025 -0.944375 -0.845075 0.262825 -0.255775 0.408425 0.9074 0.88545 -0.156325 0.42835 0.480875 -0.685925 0.948025 0.6132 0.852 -0.147175 0.642475 0.944475 0.06325 -0.385075 0.905675 0.927875 0.633375 0.70525 0.8973 0.32 -0.77095 0.90935 -0.06419999999999999 -0.904825 0.26075 -0.42905 -0.009299999999999999 0.734325 0.37965 0.802775 0.779975 -0.8656 -0.09947499999999999 0.09555 -0.9487 -0.423125 -0.256025 0.8204 -0.394475 -0.878775 0.947975 0.183175 0.945875 -0.143925 -0.9477 0.286475 0.095775 0.8096 -0.41605 0.8814 -0.679825 0.000325 -0.7973749999999999 0.9388 0.40585 -0.937375 0.7548 0.302325 0.935175 0.94985 -0.924225 0.8366 0.426225 0.944225 0.6555 -0.266575 0.8951249999999999 -0.445275 -0.282 0.8227 -0.08309999999999999 0.8132 0.909825 -0.774425 -0.300825 0.9438 0.238125 0.847525 0.162775 -0.8091 -0.882425 0.949825 0.879225 -0.380175 -0.357425 -0.3755 0.3657 0.865275 -0.30215 0.94965 -0.6082 -0.20435 0.201975 -0.7549 0.342675 -0.9374749999999999 0.493125 -0.27645 -0.9216 0.851575 0.8296249999999999 0.6456 0.385725 -0.1006 0.648875 0.2953 0.544725 -0.340875 -0.288125 -0.93085 -0.915125 -0.6214499999999999 -0.130875 -0.592525 -0.08985 0.88675 -0.006 0.6496 0.947525 -0.949075 0.946325 -0.796525 0.84975 -0.6976 0.754975 -0.776975 -0.084275 0.76535 0.5215 0.842175 -0.083625 -0.808125 0.46425 -0.9339 0.755525 0.168175 0.857725 0.32555 -0.6701 0.8234 -0.94995 0.2689 0.94635 -0.876425 -0.442525 0.74685 0.88855 -0.01195 0.93725 -0.891375 -0.637625 0.781525 -0.834025 -0.94285 -0.786525 -0.51105 -0.3048 -0.9495 -0.746775 0.199975 -0.279125 0.8270999999999999 -0.0388 0.814225 0.040225 0.806225 0.94595 0.142825 0.216475 0.9038 0.216825 -0.70825 0.92875 0.93915 0.9102 0.0604 -0.869 0.24025 0.330575 -0.875725 0.303975 -0.751825 -0.91635 0.89575 -0.8898 0.7540249999999999 -0.6664 0.94945 0.09607499999999999 0.713975 0.012975 0.184375 -0.93965 0.65305 0.372575 0.319375 -0.582025 -0.237875 0.86825 -0.896825 0.62465 0.80455 0.915375 -0.949375 0.943925 0.160925 0.631125 0.7983749999999999 0.429275 0.758525 0.489175 0.733525 -0.9029 0.5548 0.79945 -0.94925 0.480875 0.67165 -0.9421 -0.9079 -0.41695 0.947875 0.913225 -0.157275 -0.443675 -0.53645 0.923175 0.08624999999999999 -0.07829999999999999 -0.62985 0.863225 -0.318075 -0.433925 -0.7982 0.7175 -0.82335 0.24335 -0.564375 -0.905075 0.643925 0.0711 0.7798 0.4043 -0.867525 -0.687825 -0.0538 0.932025 0.09455 0.9115 -0.5377 -0.252225 -0.160325 0.002375 0.266175 0.67805 0.24625 0.301175 -0.130475 0.9359499999999999 0.71835 -0.828075 0.237925 0.3414 0.788 0.79125 0.163625 -0.8321499999999999 -0.356325 -0.619075 -0.161325 0.9146 0.379975 -0.9373 0.82085 0.2457 -0.413425 -0.617225 0.8017 0.308625 0.75115 0.311175 -0.944025 -0.0118 0.331625 0.7397 0.904825 0.7882 -0.83145 0.864 0.54405 -0.4552 0.923125 0.280575 -0.926925 0.6502250000000001 0.903475 0.948 0.08515 -0.77145 -0.00225 -0.82545 0.6081 -0.138175 0.69155 0.2249 0.913425 0.949225 0.932675 -0.620125 0.882825 -0.9288999999999999 0.009925 0.842525 0.923825 -0.157875 0.01885 -0.05405 0.019 0.8200499999999999 0.2013 0.2055 -0.06525 0.2853 -0.585175 -0.017875 -0.79065 -0.44715 -0.23985 -0.545625 -0.170075 0.4481 0.1765 0.83 0.887325 0.729375 -0.772525 -0.0429 0.17005 -0.3213 -0.273825 -0.709525 0.3108 0.33555 0.8566 -0.1182 0.5832000000000001 -0.78545 0.69325 -0.830175 -0.1064 -0.63585 0.15805 -0.84305 0.621025 0.055025 0.782425 0.370175 -0.10285 -0.14635 -0.941225 0.3496 0.215325 -0.4923 0.31245 0.15075 0.30385 0.7887999999999999 0.296875 -0.1781 -0.166325 0.807125 0.249075 -0.814675 0.91265 -0.5458 -0.2049 0.8539 0.93135 0.122575 -0.881975 0.913625 -0.023 -0.576375 0.9484 0.857625 -0.9421 -0.712025 0.9497 0.323375 0.899775 0.9457 -0.9423 -0.30965 0.67725 -0.949275 0.161725 0.684625 0.12635 -0.949925 -0.38615 -0.692275 0.9430500000000001 0.564725 0.771475 0.792725 -0.94945 0.81355 -0.0197 0.805575 0.19515 0.5461 -0.1856 -0.35305 0.9331 -0.421575 0.800475 -0.143275 0.47465 0.794 0.94645 -0.299525 -0.65935 0.18435 -0.94365 0.8482 0.2918 0.3511 -0.4576 0.932975 -0.7036750000000001 0.819075 0.896325 -0.706075 -0.11055 -0.230475 0.794675 -0.2182 0.6127 0.933825 -0.039675 0.8739 0.464675 -0.103375 0.50465 -0.879275 0.8461 -0.84955 0.223375 -0.64215 0.3786 -0.886175 -0.4671 -0.879625 0.6124000000000001 -0.0306 0.935375 -0.621475 -0.949975 0.339925 -0.1467 -0.61595 -0.687275 0.749925 0.809975 0.817275 -0.53285 0.8611 0.5312750000000001 0.9479 0.9398 0.492375 0.94995 -0.94685 0.7802249999999999 0.6247


# name: testInput
# type: matrix
# rows: 2
# columns: 298
 0.62425 0.120875 0.1908 0.909975 0.74995 -0.620125 0.915375 0.261325 0.879225 0.807125 0.29325 -0.2395 0.920425 0.749925 0.4722 0.744 -0.575525 -0.796625 0.13665 0.248675 0.92875 -0.157275 0.24605 0.79 0.079625 -0.31805 -0.027925 0.67725 0.90425 -0.687275 0.749075 0.296875 -0.2072 0.70525 -0.2182 0.9424 0.825 -0.8958 0.878 0.08624999999999999 0.476175 0.7802249999999999 0.6244 -0.91145 0.893875 -0.91975 -0.130475 0.874825 -0.942825 -0.876425 -0.408675 -0.8321499999999999 -0.359975 -0.915125 0.01885 0.9166 0.03625 0.6124000000000001 -0.865775 0.244175 0.749675 -0.9163249999999999 -0.95 0.58955 0.9408 0.011575 0.8128 0.8611 -0.08459999999999999 0.903475 -0.796525 -0.5749 0.4481 0.647 0.9388 0.71175 0.1204 0.668825 -0.130875 -0.443675 -0.04405 0.46425 -0.04645 0.938975 -0.77095 0.266175 -0.10285 -0.61595 0.238625 0.2853 -0.255775 -0.272 0.931525 -0.3213 -0.70105 -0.857125 0.37965 0.1348 -0.26455 -0.9421 0.7313499999999999 0.286475 -0.949925 0.946325 0.93785 -0.06265 0.2382 -0.94685 0.847225 0.65305 -0.023 -0.12325 -0.26375 0.9430500000000001 0.771475 0.819075 0.801 0.944225 -0.64215 -0.317525 0.913225 -0.774425 -0.8195750000000001 0.55975 0.631125 0.379975 0.7983749999999999 -0.881975 -0.42725 -0.387175 -0.039675 0.009925 -0.394475 -0.8511 -0.9498 0.339925 0.492375 -0.768225 -0.94995 -0.85485 0.9438 0.694025 0.184625 -0.765 -0.39845 0.32555 0.27455 0.7726 -0.572425 0.2249 -0.53285 0.5548 0.95 0.216475 0.9359499999999999 -0.0118 0.849475 -0.709525 0.94965 0.168175 0.453725 0.932025 -0.93775 -0.256025 0.88675 -0.7549 0.7175 0.330575 0.121225 0.237925 0.5233 -0.93715 -0.7729 -0.5458 -0.949275 0.8932 -0.9216 -0.1006 0.9492 0.19655 -0.157875 0.82665 -0.08665 -0.269125 -0.53645 -0.776975 0.89575 0.949825 -0.4923 0.88545 0.201975 0.28815 0.28205 0.40585 0.135125 0.925325 -0.93615 -0.08845 0.8165 -0.380175 -0.282 -0.937375 0.250775 -0.3614 -0.7567 -0.746775 0.480875 -0.151925 0.3731 0.7397 0.493125 -0.174625 -0.38615 -0.808125 0.896325 -0.103375 0.8054750000000001 -0.63585 0.3108 -0.286375 -0.279125 0.9484 -0.9132 0.949975 -0.453125 0.1841 -0.033075 -0.896825 0.865275 0.758525 0.773425 -0.944025 -0.2903 -0.904825 -0.12045 0.301175 -0.592525 0.7548 -0.387975 0.817275 0.8504 -0.0538 0.754975 -0.814675 -0.8150500000000001 0.330275 -0.766675 -0.70825 0.842525 -0.871675 -0.0429 0.464675 0.051525 -0.6938 0.6247 0.4043 0.9203750000000001 0.944275 -0.9482 0.720925 -0.14895 0.399225 0.75115 0.93915 0.8132 -0.87165 -0.12085 -0.2767 0.8747 -0.706075 -0.545625 -0.582025 -0.1336 -0.5353 0.7887999999999999 -0.07829999999999999 0.9115 0.09607499999999999 0.244875 -0.93085 0.142825 -0.64325 0.93135 0.191575 0.92825 -0.763725 0.794 -0.2049 -0.6701 -0.720625 0.84975 -0.288125 -0.867525 -0.95 -0.22065 0.2457 -0.35305 -0.88165
 0.82665 -0.0538 -0.69915 -0.0492 -0.1336 -0.8091 0.949975 0.944225 0.009925 0.779875 -0.14115 0.32 -0.166325 0.79905 0.250775 -0.873575 0.947875 0.566475 -0.8150500000000001 -0.436725 0.82085 0.718675 0.913425 0.5312750000000001 -0.617225 0.6124000000000001 0.7882 0.925175 0.5641 -0.4054 0.909825 -0.147175 -0.905075 -0.00575 0.586825 -0.38145 0.89575 -0.91975 0.8132 -0.6612 0.729375 0.454175 0.040225 0.042275 0.28815 0.844825 -0.857125 -0.244525 0.8128 0.8659249999999999 0.142825 0.65305 -0.08715000000000001 -0.3466 0.27455 0.09455 -0.886175 -0.387175 -0.9421 -0.09947499999999999 0.9362 0.779975 0.79945 0.7461 0.4722 -0.514275 0.244875 -0.926975 -0.89955 0.248675 -0.712025 -0.299525 0.42835 0.909975 0.09555 0.7397 -0.926925 0.521575 0.819325 0.818825 -0.917475 0.408425 -0.545625 -0.1467 -0.70825 0.903425 0.6839 -0.279125 -0.573975 -0.4576 -0.43555 -0.340875 0.927875 -0.9029 0.8739 -0.657875 -0.9288999999999999 -0.847575 -0.778975 0.6456 0.94575 0.08515 -0.0197 -0.07829999999999999 -0.359975 0.184625 -0.161325 -0.95 0.8200499999999999 0.925325 0.802775 0.5892500000000001 -0.06265 -0.876425 -0.786525 0.2784 0.94945 -0.93775 0.759425 -0.637625 0.216475 0.9457 -0.505425 0.874825 0.84915 0.489175 -0.537625 -0.746825 -0.82885 -0.91145 -0.9264 -0.9238499999999999 -0.5377 0.903475 0.621025 0.095775 0.385725 0.55975 0.852125 0.92985 -0.22735 0.842175 0.0103 -0.237875 -0.88165 -0.083625 -0.02175 0.464675 0.90935 0.4836 -0.785025 -0.90345 0.923125 -0.5715 0.935175 -0.385075 -0.256025 -0.9487 0.941725 -0.44715 0.70525 -0.0388 0.742325 -0.720625 0.70935 -0.26455 -0.78545 -0.592525 -0.66135 -0.1781 -0.687275 0.8349 0.807125 0.206775 0.806775 -0.766675 0.904825 -0.75 0.13305 -0.1856 0.01885 0.17975 0.7983749999999999 0.355975 0.330575 -0.9079 0.62425 -0.27645 -0.4216 -0.4671 -0.252225 -0.26375 -0.41605 -0.01975 -0.82335 -0.08459999999999999 -0.942825 -0.924225 0.899125 -0.11055 -0.761675 0.794675 0.9033 -0.143275 0.08624999999999999 -0.88275 0.6555 -0.10285 0.9490499999999999 0.737125 -0.7727000000000001 -0.894875 0.3496 0.67725 0.002375 -0.881325 0.24625 0.4043 0.000325 -0.915125 -0.323375 -0.230475 0.631125 0.720925 0.857625 -0.423125 0.0711 0.792725 -0.910075 0.944475 0.5907 0.2249 -0.9423 0.809975 -0.881975 -0.413425 -0.882425 0.6502250000000001 0.588825 0.5461 0.7313499999999999 0.94225 0.64625 0.930775 -0.945775 0.266175 0.92825 0.647 -0.392925 0.76535 -0.94475 0.74995 -0.763725 0.8165 0.898 0.0181 -0.103375 -0.039675 0.81355 0.893875 -0.7549 0.5461 0.8814 0.50465 0.90425 -0.41695 -0.130875 -0.35305 0.1657 -0.00225 0.137225 -0.879625 -0.9349499999999999 0.749925 0.556125 -0.88005 -0.0429 -0.84305 -0.12325 0.781525 -0.8875 -0.884625 0.782425 -0.64325 0.45835 -0.85485 0.303975 0.33555 -0.93715 0.26545 0.749675 -0.90115 -0.7973749999999999 0.805825 -0.845075 -0.53285 0.91675 0.1969


# name: testExpected
# type: matrix
# rows: 1
# columns: 298
 0.17975 0.94225 -0.938975 -0.942675 -0.9349499999999999 0.933775 0.720925 -0.93775 -0.9238499999999999 0.850475 0.3735 -0.8979 -0.765 0.683825 0.9033 0.8809 0.881825 0.91805 -0.945775 -0.536375 0.9408 -0.565625 -0.945375 0.849475 -0.5717 -0.387175 -0.730425 0.007900000000000001 0.668825 -0.12085 0.332025 0.339525 -0.5749 -0.61375 -0.7567 0.011575 0.62425 0.844825 0.90425 -0.7126 -0.0122 0.70575 -0.184125 -0.304875 -0.26375 0.21185 -0.657875 -0.6853 0.244875 0.29325 -0.8875 0.925325 -0.08665 -0.9085 -0.02175 -0.865775 -0.94975 -0.91145 0.9167 0.6592249999999999 0.238625 0.453725 0.267475 0.3469 0.250775 0.03625 -0.12325 0.90805 -0.854325 -0.436725 0.58395 -0.09625 0.837375 -0.0492 -0.8958 0.737125 -0.844 0.94985 -0.317525 0.749075 -0.92735 0.8932 0.137225 -0.76745 0.647 -0.949775 -0.796625 -0.323375 -0.850425 -0.70105 0.939575 0.908875 0.8068 -0.174625 0.79075 0.191575 -0.04645 -0.927675 0.079625 0.7629 0.1348 0.924 -0.387975 -0.88005 -0.08715000000000001 0.0103 0.491275 0.805825 0.8504 -0.08459999999999999 -0.706475 -0.9132 0.184625 0.8659249999999999 0.772125 -0.020075 0.375375 0.742325 0.944675 0.7207 -0.5715 0.372275 -0.2411 -0.244525 0.121225 0.5072 0.057675 0.42125 0.484425 0.042275 -0.937025 -0.94975 0.95 0.248675 0.7993 0.87285 0.94015 0.874825 0.0711 0.13665 -0.5353 0.37645 0.9424 -0.8502999999999999 0.1969 0.459575 0.77625 0.74995 0.928175 -0.033075 0.860375 0.496375 0.8498250000000001 -0.8046 0.801 0.573775 -0.720625 0.88015 0.815225 -0.29855 -0.00575 -0.93615 0.50695 0.26545 0.94085 -0.778975 0.632525 -0.9498 -0.793575 0.436525 -0.4054 0.1841 0.779875 -0.8597 0.243325 0.92825 -0.021425 -0.41835 -0.856325 0.546575 0.27455 -0.40985 -0.537625 -0.94765 -0.592525 0.94895 0.82665 -0.350675 0.6244 0.1204 0.3032 -0.06265 -0.575525 0.40395 -0.942975 -0.89955 0.8128 -0.885925 0.58955 -0.07455000000000001 0.21 0.330275 -0.949275 0.120875 -0.6612 0.94965 0.2821 0.6839 -0.9163249999999999 0.804675 -0.2072 -0.640175 -0.88495 0.925175 -0.94115 -0.783775 -0.09042500000000001 0.0181 0.744 -0.3466 0.877275 -0.510825 0.84915 0.893875 0.847225 -0.269125 0.5233 0.476175 0.92105 0.240725 0.93785 0.4836 -0.42725 0.390875 -0.746825 -0.624175 0.79 0.938975 -0.22065 0.827275 0.94575 -0.14895 0.94125 0.28205 0.9489 0.903425 0.45835 0.909975 -0.31805 0.63715 -0.944775 -0.1336 -0.85485 0.899125 -0.08845 0.533875 -0.881325 -0.9264 0.22235 0.28815 -0.26455 0.38085 0.4379 0.3731 0.5641 -0.6938 0.819325 0.91675 -0.60795 -0.92175 -0.937775 0.773425 -0.830525 0.79905 0.8891250000000001 -0.831225 -0.94475 -0.949075 0.5892500000000001 0.399225 -0.871675 0.87695 0.9497 -0.884625 0.24605 0.92985 0.171425 -0.87165 0.8349 -0.18615 0.9362 -0.2903 0.6260250000000001 0.244175 -0.33115 -0.785025 0.76585 0.163225


# name: g
# type: function handle
@<anonymous>
@(x) tanh (x)


# name: gp
# type: function handle
@<anonymous>
@(x) (sech (x) .^ 2)






