# Created by Octave 4.0.0, Thu Nov 12 17:07:17 2015 ART <mariavictoriamesaalcorta@Marias-MacBook-Pro.local>
# name: m
# type: scalar struct
# ndims: 2
 1 1
# length: 10
# name: iterError
# type: matrix
# rows: 1
# columns: 13
 0.4441784562611826 0.4387446314283696 0.4386745774357286 0.4382901251089469 0.4372633970261657 0.4371992414596965 0.4371042884234804 0.4369468334722446 0.4368885016545533 0.4368314545398472 0.4368063571736893 0.4367742343152767 0.4488290923196205


# name: epocsError
# type: matrix
# rows: 0
# columns: 0


# name: iter
# type: scalar
12


# name: epocs
# type: scalar
1000


# name: eta
# type: scalar
0.0166793969387809


# name: w
# type: cell
# rows: 1
# columns: 3
# name: <cell-element>
# type: matrix
# rows: 9
# columns: 3
 0.01795823554702066 0.3211697369636966 0.1128597682429432
 -0.2177352021069715 0.04479235426360371 -0.2387017826124849
 0.1903615968822118 -0.137321051926014 -0.2257171064782241
 -0.4158169518115423 0.1644842926451199 0.09068522040790089
 -0.1731640482279549 0.2697555308518589 -0.08990596011952785
 0.2783873507734509 -0.2225132300769973 -0.09221970032210282
 0.5063108163595144 -0.3491408755649348 -0.1004477478611007
 -0.1968022506981268 -0.01338491984174907 -0.008501221567222441
 -0.05185095228043846 0.1420536695549101 -0.0382592112381399



# name: <cell-element>
# type: matrix
# rows: 13
# columns: 10
 0.0191899569673943 0.05039123725868136 0.09211010085992971 -0.04049062936654142 -0.02190929363345235 0.3400046527529906 0.336172497764342 0.02812569964481431 0.225008496290013 0.1144342307781791
 0.04451250716273104 0.3766113805104045 -0.09053429689593659 0.0721162508601073 0.1561558596546192 0.3556757048061424 0.3679475983113271 0.3165702017597622 0.4126131622703824 0.1587980382633244
 0.06178733763888319 0.4005087210667387 0.4593173469587878 0.2262775721064757 0.2384944003768891 0.2000027054201012 0.3930197005562425 0.3401021236041951 0.04195145236023888 0.2575048319360902
 0.1105509425805421 0.3359289609414619 0.320179650187769 0.3058183675759569 0.3603582338739029 0.1194826560868241 0.04273638276809563 0.05034147125910902 -0.00407630843593762 0.1554177521315637
 -0.008221662643392845 0.2853275186620369 0.5032525148914523 0.1393764154863178 0.4108905400387003 0.1891409126779107 0.3632214736106001 0.05714471420857808 0.1020456841476509 0.2682642227826189
 0.358700961928213 0.1525177003329717 0.314889766971964 0.1386452864581104 0.3269668713172253 0.08376127427199832 0.3683482365463106 0.4411418659825897 0.2923543763612736 0.1472872624571814
 0.0305950780218487 0.3331251234099347 0.4131343647905846 0.1351524203464063 0.02246642402518569 0.3178413198984461 0.3090829994168058 -0.007301239994072188 0.159105755853562 0.2391092366283405
 0.3262421105542369 0.3741773128260346 0.3501146628287464 0.2408774403013152 0.3090302139488152 0.1995699162811578 0.0616430784169078 0.2465893236084054 0.3500192608494759 0.1724238324233126
 0.02656781618214675 0.2062139915846694 0.4729998732797809 0.171818381079956 0.09001373053329773 0.08458552467457058 0.4815740627858017 0.176394136491582 0.01130199121754327 0.2202320783189722
 0.3964561735427482 0.3115492243767602 0.04972717190705358 0.3462431973287869 -0.002061018207274043 0.03820210751504085 0.4056785406297495 0.09978342931644257 0.322486111016979 0.07708258344468899
 0.1345039700552103 0.3148399531698995 0.3120066723625153 0.4630671146203825 0.3367363588516113 0.1301572420392116 0.0432705933509383 0.2210256479732521 0.3898528739145153 0.1495984272614752
 0.07640016896159919 0.02555756055797141 0.2963404659722351 0.332377366382615 0.2289980172343792 0.214538745378597 -0.006027618555576933 0.1516605450104869 -0.03489465983288168 0.07154104356942131
 0.1499464606776804 0.4374486829005064 0.1858128275268582 0.1112741156947641 0.3459722570953355 0.4419392324567097 0.317206031137885 0.4587059715511422 0.2741807848430314 0.2336037324560737



# name: <cell-element>
# type: matrix
# rows: 1
# columns: 14
 -0.1281193007986522 -0.03272918308711345 -0.0523816138257403 0.07735515123519994 -0.05870489028403176 0.02905498546922487 -0.1030413523509689 0.1013338229662695 -0.1080508191416709 0.0472063721675488 0.1364258121463359 0.03989912390044594 -0.015595977192811 -0.08592046349643576





# name: errorVector
# type: matrix
# rows: 1
# columns: 700
 0.3135579535462658 0.5561297798466704 0.4091958857377482 0.2161659942220515 0.004264169051149421 0.8005022716301511 0.2080022719834445 0.5011213375336614 0.8563352443392241 0.05050800428584983 0.7284599233106206 0.5011640830661702 0.7973081797657819 0.09505727494366435 0.4606488327025499 0.005802599512177419 0.3983968334735978 0.1494874249172403 0.2212469412840541 0.2502231769162876 0.01267852903377002 0.1184457660916682 0.006927093891021323 0.6978552151810773 0.5019041868447822 0.7288272482211079 0.1824523030381379 0.08089460554421603 0.002981547305531359 0.1825770557752736 0.0001278370515685598 0.2938637002206088 0.8200776296975003 0.1716437565721018 0.7338235168177883 0.5903929641919878 0.01659936193226705 0.8166667635465327 0.6781603853822025 0.7511524925737102 0.5073182233415228 0.4308005903023976 1.209240408433932 0.361309325264063 0.8494087873246938 0.0004515588467766609 0.7035794086488208 0.8575297205827452 0.03307480481971814 0.5855102421068369 0.7018507076350188 0.6183842992602537 0.264086372208157 0.4298558304266323 0.7321388075752058 0.1423113822738241 0.6406141723375818 0.135416220708944 0.71112115159501 0.844303462935596 0.09385573130397808 0.5543048344905239 0.7529766335991602 0.3750447378207456 0.8709133854475454 0.2277911673108452 0.4158374890113887 0.756601054780118 0.4303550192658352 0.1417837138697112 0.20018969061365 0.09668402162366846 1.007624776287388 0.1014719083358833 0.07901383372099145 0.7636627367886756 0.786031339278693 0.03307073744601421 0.2787900322741964 0.04333942300728496 0.7800732639654846 0.01919204603818392 1.059397765453177 0.1868250821573313 0.08178240741916816 0.7317110416866384 0.02441769344396094 0.2404989506135499 0.860265230649179 0.07616560222743061 0.02970239857307191 0.7454543329025634 1.928494107755303e-05 0.3100486159529234 1.080952841199205 0.7984916938668147 0.05302426635627999 0.4394841826501725 0.01625266116825635 2.908783858167825e-06 0.3720893338399796 0.0250304520274969 0.01160581139877822 0.02285206001128346 5.030486555436917e-06 0.05582077094565826 0.7120974422029018 0.5874502191902417 0.08003180829306289 0.7998052216251905 0.1180946367063541 0.4813770050732961 0.3838987750344625 0.00564794827062574 1.129963500729023 0.3740657478735397 1.073534753305059 0.7532597982130419 0.1244536482990954 0.2116123621345646 0.4216143582179816 7.037709032008281e-05 0.3713047457215201 0.05808140388243836 0.3290126696285388 0.7995648202169878 0.8130287639928515 0.145838267094885 0.02288288203075396 0.6643851859587299 0.1967716274051996 0.7285742034009125 0.4884613693797468 0.001323425041324891 1.276177873353841 0.003783708632043523 0.1035727744632249 0.9520613435667645 0.000784295739681521 0.6614827483140961 0.0464932672937059 0.01701285509661973 1.079411799175647 1.093107848370312 0.3003840339529675 0.01298285149956426 0.3194237057210894 0.1434228197857509 0.06135049153057696 0.7684160327408448 0.00192383588979897 0.2679948910624702 0.03595676885245085 0.8325976767018972 0.5576635830620388 0.3404054167157338 0.01345311243358327 0.1920906723697737 0.1137322008352146 0.1986157786587251 0.4485327053326352 0.0007100817912589659 0.6796972972975247 0.1364401386032504 0.6470926340282287 0.456232447757032 0.6466215479614095 0.6059883487895646 0.6223171606821368 0.001775579513662505 0.2918143072752339 1.110779473419189 0.7248664810082798 0.001340142059541597 0.1641604696140304 0.0007712708298213177 0.4389642900615617 1.244506697923402 0.05221079149002476 0.7119010542869912 0.03075386727568837 0.4660719136177995 0.8497771006192442 0.192477287535613 1.081830706622927 0.4903581662242094 0.8579771646108719 0.006782307498350001 0.01028332043641679 0.7211904813368747 0.01593474369160127 0.8565705149333122 0.4494535168751829 0.3476423673839314 0.3545710670394715 0.1369363494661801 0.07846668879742516 0.6952437326709336 0.4410967555398182 0.6739448214053858 0.08607381415112393 0.04163982316707911 0.003872760314321561 0.05948428956635617 1.272514168627742 0.2967251492852286 0.5611311516449712 0.06885038572965504 0.3709615868507474 0.3557894492870603 0.0008453212327214064 1.268433019444593 0.002950558144116246 0.0003854840008718563 0.5262564044058906 0.5387582457695468 0.1042796390875774 0.7537192147911738 1.269748477105756 0.1230094388585758 0.6285591474959699 0.8517564781985358 0.7260466383011986 0.007019428104738993 0.04852088085712865 0.03819084783812362 0.3291207405844142 0.4232131839073848 0.1494710629504694 0.6535861433952663 7.598340650331149e-05 1.198841950057517 1.124519763626671 0.5988610043832424 0.233899934967187 0.2499390910654677 0.2853158317671055 0.9572879372263091 0.8504063910806523 0.4889844479692237 0.000385459845771888 0.1901465796760136 0.9312634591092416 0.1113902146233755 0.8394018859430825 1.050122401222259 0.01918291094433585 0.00322582323615816 1.000285482592397 0.1007797209270796 8.541600127236476e-06 0.5692262086790086 0.8705387212790701 0.4153583923618415 0.3839269117577824 0.8001219307636197 0.9884488061648349 0.4578730600549166 0.04245678602536396 0.5245614089753954 0.1146208750468834 0.3648929370358782 0.2548146202802732 0.7603877922229219 0.7397652515178665 0.6699296124202606 0.7885716053170242 1.118740009349195 0.0009501657847236035 0.2179913679055497 0.5493189685392146 0.02698358951828859 1.135136689857892 0.4458740924636227 0.2591276904550684 1.077720758851507 0.7608217555836775 1.187671942648014 0.7928608211134915 0.7678058412810934 0.01121494701623448 0.2572586170203896 0.06207652708180153 0.9118232057928615 0.4349275134215547 0.5728184733435973 0.383998248316206 0.7370872100246787 0.119349492917884 0.1664337935032461 0.004079010416454476 1.251071140280158 9.599085447697326e-05 1.267024159623956 0.6896292554495514 0.7915487145988991 0.766442085780602 0.5246479656829548 1.08333712065094 0.4028621981391455 0.6841480390582123 0.7071253818793255 0.04271330121474322 0.009567259567377837 0.8482512973771579 0.7221834179368902 0.3547627283640977 0.2634182130472932 0.2698120787302047 0.4605290207488129 0.2539494051047987 0.05685672536504691 0.3027456524814393 0.6545132467882498 0.458948719301741 0.5287683048624786 1.123476624493643 0.7031577707154979 0.1170320304492313 0.06645729042048545 0.01193627686915377 0.0005340785360652872 0.799518118943611 1.273332962546116 0.01447089352414353 0.3485126362848995 0.05211390965534916 0.1364429941636591 0.7530273128471848 0.1679445316693449 0.7355307682025654 0.3745983516442493 0.1257631620812981 0.005302810567068161 1.24722543862131 0.1627200413130772 0.6453131759071329 0.4726739630922093 0.2534524241400708 0.7430201746803735 0.06146860411610465 0.8443594171666822 0.1621714197322934 0.2310962439356824 0.2937925979036325 0.7446239253779342 0.4498413533262424 0.3646147130650715 0.4404217660262651 0.3286872842448992 0.01907696572284764 0.0008090244691202537 0.04710885643686392 0.1410648465600139 1.215050935141792 0.2690218887151776 0.976215993804919 0.6059492697410727 0.8078295206381307 0.7284050324285029 0.001176040086436189 0.7972614438874849 0.2684654099346399 0.6466590617089275 0.6171024077166404 1.01789617465192 0.09996165162804176 0.2494823079812026 0.8390206730972715 0.535549820289337 0.8007360727253442 0.4609133881201345 1.121858972900312 0.2914044140816458 0.2982778541263862 0.8144714291177931 0.002371768640695038 0.1503745937382597 0.7889811074669421 0.02593022484054639 0.6809678562757644 0.2060041366612934 0.2525261474903552 0.02572136021499489 0.174859911746958 0.5658136838454679 0.1423694648365073 0.6970336205306259 0.6467294873022322 0.8583859195603826 1.152254785889848 0.09783704091874025 0.8008520217839 0.1189872373223364 0.03609794109760231 0.008409997093052894 0.5545764927975402 0.5303839467659524 1.140803296630004 0.2219586350843606 0.000156818095674385 0.007095592792173234 0.5932569943597481 0.5623544469183792 0.06850159991399428 0.7768180173208448 0.7990184430435033 0.07777535620317823 0.3371770513867225 0.2813238197078383 0.3946387496933397 0.0589302827706833 0.4819138993186503 0.7388770572327686 0.1207828725534944 0.4561325116628215 0.5298723507293414 0.8073654465054927 0.1111096995589941 0.4728443263711644 0.4610759428808152 0.7335295859382895 0.40598525971966 0.1337503129212276 0.02168631868644174 0.6414727608713768 1.106712990803463 0.7641783057610054 1.233482359153243 0.3694741901133471 1.075780172789581 0.7638353826080739 0.504858572710515 0.6843473378527809 0.7004716108897626 0.03563999866103282 0.5525106750925333 0.9058684411765772 1.249096208652681 0.834373397529103 0.8397451170932382 0.4928369686888963 0.507035171978316 0.4152535951173186 0.50967667555561 0.7283206841595751 0.09697774017892725 0.9785234116372887 0.02674192348744562 0.60709009894485 0.618098239302156 0.3600563480715028 0.5745212981728293 0.8008852298744044 0.4803323408456166 0.4518051395392053 0.427667042245683 0.814609483497977 0.05454524719257538 0.3763701208961117 0.3308605143276193 0.3708733327910969 0.3972297951715978 0.4452196668239476 0.3149569734662385 0.1213157053628535 0.4937897213020299 0.8185098038416716 0.1951953495418383 0.44782276922139 0.697311165017696 0.001016513998836104 0.02117033579738597 0.4058471756256954 0.002814345295121806 0.238577566994077 0.03507856236445087 0.8769249559736993 0.1647868695806536 0.0008310640860412744 0.3167147451244655 0.7825970343746967 0.7137312482855737 0.9127074455672491 0.5741810223022284 0.593715150520994 0.6445469394208678 0.7027347393306875 0.4561631542821732 0.0009547246222945055 0.08441132406721483 0.004803094087921999 0.3354008799791814 0.01543179417567376 0.0006405699505953502 0.7767571466198524 0.442485000075939 0.09525479279855828 1.034087304797643 0.07950717800065998 0.2332325367239068 1.119079306616426 0.3744242187798343 0.6532389113380991 0.658917608388001 0.004701782283945331 0.1750931413713582 0.6365760958981328 0.1570460208385288 0.6219600643006145 0.5839699229952924 0.7563810815971046 0.6867504988039111 0.8917497108371645 0.8286681146692044 0.02243250356879137 0.9427032044360919 0.713935115064032 0.2039353167567169 0.003693681481434337 0.8550695200941577 0.07617004481727054 0.3920225936522471 0.04313105271926739 0.7404641854800309 0.6956225163921489 0.003653575169061994 0.03629464862066671 0.4973850896718333 0.3613549042591297 0.584759240806818 0.1686805896794847 0.5591531810716196 0.6777887185397375 0.08482292662896487 0.8350783059741964 0.4254685216216577 0.007877797845112541 0.9743330034769334 0.827684714944985 0.1277606992230576 0.0268537220990354 0.04054122048691376 0.2191093290440126 0.552683052681037 0.02479326221454291 0.1119450818044638 0.6457110299369861 0.4220912393390743 0.528317780036076 0.3809789384163868 1.077603536012604 0.9100467614620046 0.08229350131664791 0.3155447287617833 0.7624663242275332 0.3725695998462696 0.4511813167909464 0.3456706936621802 0.2823002503491781 0.2356786591454573 0.6944133259786268 0.006092381599200358 0.3436697990595025 0.4406305596454271 0.418315597366224 0.4334977180747834 0.07517238735631876 0.06123232176015268 0.1705926368127183 0.6265971704333752 0.1752745266390988 0.7937341691498331 0.8337627937708395 0.3466242473198224 0.4291105111686944 1.173797287752673 0.03359802397394739 0.2444426371726646 0.05788403762648707 0.0001837348507686879 0.7373005558222034 0.02062512557094413 0.8113106888576334 0.5698834968750938 0.204444660587161 0.2087886479843981 0.0502577689143735 0.4675285457525437 0.0001477370096851966 0.3336213786021195 1.261967229648878 0.4286116235206157 1.001929254316146 0.5184064052744245 0.6174006252090959 0.7611653705943214 0.7461967639449072 0.04082146901426979 0.7481026871066365 0.05867571059712644 0.04562363335360645 0.4488112075537316 0.0001018434386452997 0.1338690779755565 0.02263016842182796 0.5217136685461508 0.07796326966443867 0.7629048399890219 0.003705755185461335 0.003868628639925883 0.6008024618716135 0.3698828864198253 0.1482891454823697 0.5586433521684385 0.6869656586821358 0.7390770428867428 0.2739469408063748 0.05522662023156502 0.6087725574046685 0.6245064929218092 0.5471932303592584 0.02207949251014558 0.4189559113012702 3.178775741587759e-05 0.5183008247043149 0.7914481003590843 0.004867019804421468 0.8473640484652394 0.7790652912666174 0.2602373740710902 0.394411520973342 0.004482720484326762 0.3568263536893108 0.1270097021544734 0.3550506277516099 0.7900438863294242 0.454244614456025 0.007282733770528569 1.125641648708889 0.114303217781466 0.720030317530526 1.161269682746304 0.4146660790185006 0.3475017889596876 0.3388004723972466 0.5852752582193431 0.4386682816906953 1.058640710776578 0.7848210477022417 1.159812870968751 0.3297264976636934 0.7874668918535008 0.1571451898190295 0.01571788075044384 0.7931780828384163 0.008105882237550665 0.3146612635873299 0.4420035686420448 0.3806871556339962 0.5841596364166496 0.7409365914831815 0.345329598985465 1.246688162051885 0.691619195365673 0.6846600492546653 0.02314806541499491 0.06962307428090707 1.048223761629674 0.00323686848565249 0.02933118557923878 1.263173283844035 0.4195851699986183 0.5434250699909537 0.4545985282675231 0.2230579772952374 0.2002401742175965 0.05509264011061989 0.0002184403723255399 0.2458796540214674 0.6496055390672334 0.002760972447128561 0.3822050946813211 0.8585206631961309 0.7827644051669771 0.414033188202554 0.2066019078154451 0.007693884081282834 0.7068426431120595 0.009230652682742833 0.7717215031769912 0.0001671981425375885 0.5834770599096014 0.04155347619556064 0.3254879031966484 0.2902037203825248 0.07933635873366886 1.218037536381714 0.2165618946641008 0.08079740917598047


# name: test
# type: scalar struct
# ndims: 2
 1 1
# length: 8
# name: meanError
# type: scalar
0.4139966500205562


# name: result
# type: matrix
# rows: 1
# columns: 298
 0.1383890775434473 0.01610349209668331 0.1372852022294682 0.07151603016404602 0.1793614579161542 0.004654997512515008 0.05941679891277597 0.180170479304543 0.3125686731221642 0.03784877848568441 0.08688948002774037 -0.1191396535262747 0.1088926031622556 -0.0990514659156559 -0.006769687999747757 -0.07968715958058861 0.1202316197280833 0.09333435819252882 0.06882036123923486 0.1195283644273364 0.04137399599862367 0.1128836371667995 0.2825771543589107 0.06613125346093476 -0.0001278247790746946 0.2777739942032889 -0.05025760754035431 0.02900002208136781 -0.02636611052676911 -0.007603506746405003 -0.01205613126602225 -0.02035934827342561 0.03815288759828546 -0.002497102698807022 0.02945714695616933 0.1449035886628268 0.09282348290789869 -0.03315204676948279 0.009716426841754397 0.1183888164828698 -0.02190996342782768 0.287565275217901 0.2499033012439877 0.3003311467775574 0.2870062610207481 0.1099324604769255 0.07136949452326839 0.10385164565893 -0.03359681536438781 0.04330830415787263 0.08775233576888362 0.2001261397397964 0.05829545737597118 0.1300435405337153 0.175368622573919 0.1097383889320451 -0.02843161019453179 0.2389643191586665 0.06391695148794492 0.2043479393530558 0.2102675632954592 0.1246505110337626 0.07967735039961868 0.1273011722721381 -0.01744546312642567 0.1573630601246147 0.09940642346805667 0.01046439522868952 -0.09441831512942772 0.118146279726852 0.08570368265457774 0.00280538507513168 0.09684696568256582 0.306464473354447 0.3186567233837354 0.01371097961573518 0.1201460134862494 -0.095524366791018 0.1338642030337749 0.001584061103875833 -0.02053942538953987 0.2454022965435116 0.1918336886919535 -0.02235931983743181 0.1284106681372656 0.04940140229653708 0.03564281583515572 -0.07170186674204745 0.1282106691282243 0.002074006455933656 0.04822686174498879 0.3067670564272089 -0.004242930866950342 0.006719047585673982 -0.006947217200418188 -0.02938843997292994 0.01927272345597239 0.1598402715138644 0.3062882907972714 0.04674098993176823 -0.1276677802032939 0.1162013008919023 0.1117142074752084 -0.1265047615683448 0.2719586956878827 -0.101606011396357 0.002816548107378232 -0.08862034812596764 0.05399400826115619 -0.105170222367857 0.1135850337811318 0.2762236107247529 -0.1275614033162488 0.073123578424622 0.007147171213783613 -0.06363745438901879 -0.02323700044095791 0.09701520727423349 -0.06547772486141275 0.2872490578409657 0.04755517093298422 0.2603209156827293 -0.1290178615784281 0.06120020544417571 0.2671535864561685 0.04107188516311193 0.001514273386725418 0.220540449199998 0.2991220519516326 0.08779259464462315 0.1114718760412209 0.1236658126882732 0.06801052619215926 0.3066118564197811 0.3050895743605859 -0.005047182508199907 -0.1235535655722581 0.05355229571425922 -0.03013287171266306 0.1039079370136262 0.04086324009245379 0.1698001276039117 0.1115109046849941 -0.009479398063495981 -0.01169794492029151 0.01020712907596128 -0.0176936907659608 -0.02130662633851358 0.07599609487115115 0.1926477240274883 0.1100403048418803 0.1266449095477423 0.307725550350369 0.01730857037110345 0.1960249173739234 0.2591867566575157 -0.005738571881655673 -0.05400936756035499 0.02198210665326155 0.03090771431445187 0.1198615656781004 0.1142977534517978 0.1812689418704999 -0.03288265121345166 0.07207645939452118 -0.1238296565146154 0.1629514625658327 0.07926686988501762 -0.09631096926849243 0.1842159943859366 0.1727737786897807 0.02565934745437004 0.0139448046040539 0.008509805203568923 0.1483228158576294 -0.005338797457421202 -0.08863873991260274 0.1101660189005017 -0.02385403072651724 0.0642944568022502 0.3013161130109437 0.1968709194402861 0.03237659418990048 0.1150084747146279 0.3015657510895073 0.01079960226483362 -0.0008935987896786181 0.0943887795401627 -0.04758683448170195 0.003146690642822287 0.07264485191373522 0.1732008588776466 0.02820223341861365 0.1200948441034284 0.1080742856873183 -0.01377536282658848 0.09581862184960437 0.08086756553616657 0.04212498052649836 -0.04306362863259505 0.03603071974368269 0.114056699051376 0.07028276608151766 0.01024292331970988 0.2260127564726283 0.08537084815843902 0.09894271119611758 0.3085171299229644 0.05229149088353186 -0.05403595198905982 0.0667515009541689 0.2093892046148855 0.311243916356949 0.1015931962193245 0.1650037990224235 0.198009289230129 0.01412232534124684 0.2839085953884632 -0.01071045830874977 0.1196362585835537 0.1014229793167122 -0.07871284317187056 0.197506845283284 0.209520581396478 -0.01874373718025391 -0.07355162069117269 0.3046516880795541 0.3071775518162245 0.04022424798742038 0.1124532008901573 0.07519822306292452 0.06329684889825023 -0.009214510873955915 0.2806431097867256 0.1360572012452403 0.07021818281785223 0.1374372506158895 0.2957641707177484 -0.01613909451536905 0.02687512818363357 0.1688337221701074 -0.00464676164498694 -0.0396853791307715 0.07067740426734094 0.02020974992668641 0.1459959045620739 0.07785253031731966 0.3053319399137259 0.09750317708070948 0.1100501119261233 0.04296754752328682 0.09072178008069565 0.1003466275436325 0.006199308382826651 -0.06383859834570925 0.0487414238438025 0.1919856318009636 0.1340147181805052 -0.01866958821380982 0.05929419885926294 -0.04851846491555677 0.06480812331120316 -0.01001059339330621 0.05299347744209498 0.0905579709908699 -0.06547446521626663 0.1164263996981718 0.05297572174782061 0.003166664876429798 0.07194384343145473 0.197461258920908 0.1115511150118599 -0.05939085732120144 -0.03674810704549748 0.2452120467514233 -0.01740270783580253 0.100721347674478 0.09984164917728765 0.305403492863822 0.1114849327450161 -0.03572857760015071 0.06845337222179886 0.05991102534391213 0.122522023935082 0.1904195278482655 -0.01105591929892028 0.229258803590482 -0.06295716561741925 -0.08623514929097695 0.09335757339824742 0.02388066802344052 0.01987510032626172 0.1928676075043873 -0.1114058212712853 0.1225729588922465 0.01837776675770832 0.163543730100606 0.2294657863092054


# name: diez_good
# type: scalar
1.342281879194631


# name: diez_bad
# type: scalar
98.65771812080537


# name: cinco_good
# type: scalar
1.342281879194631


# name: cinco_bad
# type: scalar
98.65771812080537


# name: uno_good
# type: scalar
0


# name: uno_bad
# type: scalar
100




# name: trainedNetwork
# type: scalar struct
# ndims: 2
 1 1
# length: 8
# name: iterError
# type: matrix
# rows: 1
# columns: 13
 0.4441784562611826 0.4387446314283696 0.4386745774357286 0.4382901251089469 0.4372633970261657 0.4371992414596965 0.4371042884234804 0.4369468334722446 0.4368885016545533 0.4368314545398472 0.4368063571736893 0.4367742343152767 0.4488290923196205


# name: epocsError
# type: matrix
# rows: 0
# columns: 0


# name: iter
# type: scalar
12


# name: epocs
# type: scalar
1000


# name: eta
# type: scalar
0.0166793969387809


# name: w
# type: cell
# rows: 1
# columns: 3
# name: <cell-element>
# type: matrix
# rows: 9
# columns: 3
 0.01795823554702066 0.3211697369636966 0.1128597682429432
 -0.2177352021069715 0.04479235426360371 -0.2387017826124849
 0.1903615968822118 -0.137321051926014 -0.2257171064782241
 -0.4158169518115423 0.1644842926451199 0.09068522040790089
 -0.1731640482279549 0.2697555308518589 -0.08990596011952785
 0.2783873507734509 -0.2225132300769973 -0.09221970032210282
 0.5063108163595144 -0.3491408755649348 -0.1004477478611007
 -0.1968022506981268 -0.01338491984174907 -0.008501221567222441
 -0.05185095228043846 0.1420536695549101 -0.0382592112381399



# name: <cell-element>
# type: matrix
# rows: 13
# columns: 10
 0.0191899569673943 0.05039123725868136 0.09211010085992971 -0.04049062936654142 -0.02190929363345235 0.3400046527529906 0.336172497764342 0.02812569964481431 0.225008496290013 0.1144342307781791
 0.04451250716273104 0.3766113805104045 -0.09053429689593659 0.0721162508601073 0.1561558596546192 0.3556757048061424 0.3679475983113271 0.3165702017597622 0.4126131622703824 0.1587980382633244
 0.06178733763888319 0.4005087210667387 0.4593173469587878 0.2262775721064757 0.2384944003768891 0.2000027054201012 0.3930197005562425 0.3401021236041951 0.04195145236023888 0.2575048319360902
 0.1105509425805421 0.3359289609414619 0.320179650187769 0.3058183675759569 0.3603582338739029 0.1194826560868241 0.04273638276809563 0.05034147125910902 -0.00407630843593762 0.1554177521315637
 -0.008221662643392845 0.2853275186620369 0.5032525148914523 0.1393764154863178 0.4108905400387003 0.1891409126779107 0.3632214736106001 0.05714471420857808 0.1020456841476509 0.2682642227826189
 0.358700961928213 0.1525177003329717 0.314889766971964 0.1386452864581104 0.3269668713172253 0.08376127427199832 0.3683482365463106 0.4411418659825897 0.2923543763612736 0.1472872624571814
 0.0305950780218487 0.3331251234099347 0.4131343647905846 0.1351524203464063 0.02246642402518569 0.3178413198984461 0.3090829994168058 -0.007301239994072188 0.159105755853562 0.2391092366283405
 0.3262421105542369 0.3741773128260346 0.3501146628287464 0.2408774403013152 0.3090302139488152 0.1995699162811578 0.0616430784169078 0.2465893236084054 0.3500192608494759 0.1724238324233126
 0.02656781618214675 0.2062139915846694 0.4729998732797809 0.171818381079956 0.09001373053329773 0.08458552467457058 0.4815740627858017 0.176394136491582 0.01130199121754327 0.2202320783189722
 0.3964561735427482 0.3115492243767602 0.04972717190705358 0.3462431973287869 -0.002061018207274043 0.03820210751504085 0.4056785406297495 0.09978342931644257 0.322486111016979 0.07708258344468899
 0.1345039700552103 0.3148399531698995 0.3120066723625153 0.4630671146203825 0.3367363588516113 0.1301572420392116 0.0432705933509383 0.2210256479732521 0.3898528739145153 0.1495984272614752
 0.07640016896159919 0.02555756055797141 0.2963404659722351 0.332377366382615 0.2289980172343792 0.214538745378597 -0.006027618555576933 0.1516605450104869 -0.03489465983288168 0.07154104356942131
 0.1499464606776804 0.4374486829005064 0.1858128275268582 0.1112741156947641 0.3459722570953355 0.4419392324567097 0.317206031137885 0.4587059715511422 0.2741807848430314 0.2336037324560737



# name: <cell-element>
# type: matrix
# rows: 1
# columns: 14
 -0.1281193007986522 -0.03272918308711345 -0.0523816138257403 0.07735515123519994 -0.05870489028403176 0.02905498546922487 -0.1030413523509689 0.1013338229662695 -0.1080508191416709 0.0472063721675488 0.1364258121463359 0.03989912390044594 -0.015595977192811 -0.08592046349643576





# name: errorVector
# type: matrix
# rows: 1
# columns: 700
 0.3135579535462658 0.5561297798466704 0.4091958857377482 0.2161659942220515 0.004264169051149421 0.8005022716301511 0.2080022719834445 0.5011213375336614 0.8563352443392241 0.05050800428584983 0.7284599233106206 0.5011640830661702 0.7973081797657819 0.09505727494366435 0.4606488327025499 0.005802599512177419 0.3983968334735978 0.1494874249172403 0.2212469412840541 0.2502231769162876 0.01267852903377002 0.1184457660916682 0.006927093891021323 0.6978552151810773 0.5019041868447822 0.7288272482211079 0.1824523030381379 0.08089460554421603 0.002981547305531359 0.1825770557752736 0.0001278370515685598 0.2938637002206088 0.8200776296975003 0.1716437565721018 0.7338235168177883 0.5903929641919878 0.01659936193226705 0.8166667635465327 0.6781603853822025 0.7511524925737102 0.5073182233415228 0.4308005903023976 1.209240408433932 0.361309325264063 0.8494087873246938 0.0004515588467766609 0.7035794086488208 0.8575297205827452 0.03307480481971814 0.5855102421068369 0.7018507076350188 0.6183842992602537 0.264086372208157 0.4298558304266323 0.7321388075752058 0.1423113822738241 0.6406141723375818 0.135416220708944 0.71112115159501 0.844303462935596 0.09385573130397808 0.5543048344905239 0.7529766335991602 0.3750447378207456 0.8709133854475454 0.2277911673108452 0.4158374890113887 0.756601054780118 0.4303550192658352 0.1417837138697112 0.20018969061365 0.09668402162366846 1.007624776287388 0.1014719083358833 0.07901383372099145 0.7636627367886756 0.786031339278693 0.03307073744601421 0.2787900322741964 0.04333942300728496 0.7800732639654846 0.01919204603818392 1.059397765453177 0.1868250821573313 0.08178240741916816 0.7317110416866384 0.02441769344396094 0.2404989506135499 0.860265230649179 0.07616560222743061 0.02970239857307191 0.7454543329025634 1.928494107755303e-05 0.3100486159529234 1.080952841199205 0.7984916938668147 0.05302426635627999 0.4394841826501725 0.01625266116825635 2.908783858167825e-06 0.3720893338399796 0.0250304520274969 0.01160581139877822 0.02285206001128346 5.030486555436917e-06 0.05582077094565826 0.7120974422029018 0.5874502191902417 0.08003180829306289 0.7998052216251905 0.1180946367063541 0.4813770050732961 0.3838987750344625 0.00564794827062574 1.129963500729023 0.3740657478735397 1.073534753305059 0.7532597982130419 0.1244536482990954 0.2116123621345646 0.4216143582179816 7.037709032008281e-05 0.3713047457215201 0.05808140388243836 0.3290126696285388 0.7995648202169878 0.8130287639928515 0.145838267094885 0.02288288203075396 0.6643851859587299 0.1967716274051996 0.7285742034009125 0.4884613693797468 0.001323425041324891 1.276177873353841 0.003783708632043523 0.1035727744632249 0.9520613435667645 0.000784295739681521 0.6614827483140961 0.0464932672937059 0.01701285509661973 1.079411799175647 1.093107848370312 0.3003840339529675 0.01298285149956426 0.3194237057210894 0.1434228197857509 0.06135049153057696 0.7684160327408448 0.00192383588979897 0.2679948910624702 0.03595676885245085 0.8325976767018972 0.5576635830620388 0.3404054167157338 0.01345311243358327 0.1920906723697737 0.1137322008352146 0.1986157786587251 0.4485327053326352 0.0007100817912589659 0.6796972972975247 0.1364401386032504 0.6470926340282287 0.456232447757032 0.6466215479614095 0.6059883487895646 0.6223171606821368 0.001775579513662505 0.2918143072752339 1.110779473419189 0.7248664810082798 0.001340142059541597 0.1641604696140304 0.0007712708298213177 0.4389642900615617 1.244506697923402 0.05221079149002476 0.7119010542869912 0.03075386727568837 0.4660719136177995 0.8497771006192442 0.192477287535613 1.081830706622927 0.4903581662242094 0.8579771646108719 0.006782307498350001 0.01028332043641679 0.7211904813368747 0.01593474369160127 0.8565705149333122 0.4494535168751829 0.3476423673839314 0.3545710670394715 0.1369363494661801 0.07846668879742516 0.6952437326709336 0.4410967555398182 0.6739448214053858 0.08607381415112393 0.04163982316707911 0.003872760314321561 0.05948428956635617 1.272514168627742 0.2967251492852286 0.5611311516449712 0.06885038572965504 0.3709615868507474 0.3557894492870603 0.0008453212327214064 1.268433019444593 0.002950558144116246 0.0003854840008718563 0.5262564044058906 0.5387582457695468 0.1042796390875774 0.7537192147911738 1.269748477105756 0.1230094388585758 0.6285591474959699 0.8517564781985358 0.7260466383011986 0.007019428104738993 0.04852088085712865 0.03819084783812362 0.3291207405844142 0.4232131839073848 0.1494710629504694 0.6535861433952663 7.598340650331149e-05 1.198841950057517 1.124519763626671 0.5988610043832424 0.233899934967187 0.2499390910654677 0.2853158317671055 0.9572879372263091 0.8504063910806523 0.4889844479692237 0.000385459845771888 0.1901465796760136 0.9312634591092416 0.1113902146233755 0.8394018859430825 1.050122401222259 0.01918291094433585 0.00322582323615816 1.000285482592397 0.1007797209270796 8.541600127236476e-06 0.5692262086790086 0.8705387212790701 0.4153583923618415 0.3839269117577824 0.8001219307636197 0.9884488061648349 0.4578730600549166 0.04245678602536396 0.5245614089753954 0.1146208750468834 0.3648929370358782 0.2548146202802732 0.7603877922229219 0.7397652515178665 0.6699296124202606 0.7885716053170242 1.118740009349195 0.0009501657847236035 0.2179913679055497 0.5493189685392146 0.02698358951828859 1.135136689857892 0.4458740924636227 0.2591276904550684 1.077720758851507 0.7608217555836775 1.187671942648014 0.7928608211134915 0.7678058412810934 0.01121494701623448 0.2572586170203896 0.06207652708180153 0.9118232057928615 0.4349275134215547 0.5728184733435973 0.383998248316206 0.7370872100246787 0.119349492917884 0.1664337935032461 0.004079010416454476 1.251071140280158 9.599085447697326e-05 1.267024159623956 0.6896292554495514 0.7915487145988991 0.766442085780602 0.5246479656829548 1.08333712065094 0.4028621981391455 0.6841480390582123 0.7071253818793255 0.04271330121474322 0.009567259567377837 0.8482512973771579 0.7221834179368902 0.3547627283640977 0.2634182130472932 0.2698120787302047 0.4605290207488129 0.2539494051047987 0.05685672536504691 0.3027456524814393 0.6545132467882498 0.458948719301741 0.5287683048624786 1.123476624493643 0.7031577707154979 0.1170320304492313 0.06645729042048545 0.01193627686915377 0.0005340785360652872 0.799518118943611 1.273332962546116 0.01447089352414353 0.3485126362848995 0.05211390965534916 0.1364429941636591 0.7530273128471848 0.1679445316693449 0.7355307682025654 0.3745983516442493 0.1257631620812981 0.005302810567068161 1.24722543862131 0.1627200413130772 0.6453131759071329 0.4726739630922093 0.2534524241400708 0.7430201746803735 0.06146860411610465 0.8443594171666822 0.1621714197322934 0.2310962439356824 0.2937925979036325 0.7446239253779342 0.4498413533262424 0.3646147130650715 0.4404217660262651 0.3286872842448992 0.01907696572284764 0.0008090244691202537 0.04710885643686392 0.1410648465600139 1.215050935141792 0.2690218887151776 0.976215993804919 0.6059492697410727 0.8078295206381307 0.7284050324285029 0.001176040086436189 0.7972614438874849 0.2684654099346399 0.6466590617089275 0.6171024077166404 1.01789617465192 0.09996165162804176 0.2494823079812026 0.8390206730972715 0.535549820289337 0.8007360727253442 0.4609133881201345 1.121858972900312 0.2914044140816458 0.2982778541263862 0.8144714291177931 0.002371768640695038 0.1503745937382597 0.7889811074669421 0.02593022484054639 0.6809678562757644 0.2060041366612934 0.2525261474903552 0.02572136021499489 0.174859911746958 0.5658136838454679 0.1423694648365073 0.6970336205306259 0.6467294873022322 0.8583859195603826 1.152254785889848 0.09783704091874025 0.8008520217839 0.1189872373223364 0.03609794109760231 0.008409997093052894 0.5545764927975402 0.5303839467659524 1.140803296630004 0.2219586350843606 0.000156818095674385 0.007095592792173234 0.5932569943597481 0.5623544469183792 0.06850159991399428 0.7768180173208448 0.7990184430435033 0.07777535620317823 0.3371770513867225 0.2813238197078383 0.3946387496933397 0.0589302827706833 0.4819138993186503 0.7388770572327686 0.1207828725534944 0.4561325116628215 0.5298723507293414 0.8073654465054927 0.1111096995589941 0.4728443263711644 0.4610759428808152 0.7335295859382895 0.40598525971966 0.1337503129212276 0.02168631868644174 0.6414727608713768 1.106712990803463 0.7641783057610054 1.233482359153243 0.3694741901133471 1.075780172789581 0.7638353826080739 0.504858572710515 0.6843473378527809 0.7004716108897626 0.03563999866103282 0.5525106750925333 0.9058684411765772 1.249096208652681 0.834373397529103 0.8397451170932382 0.4928369686888963 0.507035171978316 0.4152535951173186 0.50967667555561 0.7283206841595751 0.09697774017892725 0.9785234116372887 0.02674192348744562 0.60709009894485 0.618098239302156 0.3600563480715028 0.5745212981728293 0.8008852298744044 0.4803323408456166 0.4518051395392053 0.427667042245683 0.814609483497977 0.05454524719257538 0.3763701208961117 0.3308605143276193 0.3708733327910969 0.3972297951715978 0.4452196668239476 0.3149569734662385 0.1213157053628535 0.4937897213020299 0.8185098038416716 0.1951953495418383 0.44782276922139 0.697311165017696 0.001016513998836104 0.02117033579738597 0.4058471756256954 0.002814345295121806 0.238577566994077 0.03507856236445087 0.8769249559736993 0.1647868695806536 0.0008310640860412744 0.3167147451244655 0.7825970343746967 0.7137312482855737 0.9127074455672491 0.5741810223022284 0.593715150520994 0.6445469394208678 0.7027347393306875 0.4561631542821732 0.0009547246222945055 0.08441132406721483 0.004803094087921999 0.3354008799791814 0.01543179417567376 0.0006405699505953502 0.7767571466198524 0.442485000075939 0.09525479279855828 1.034087304797643 0.07950717800065998 0.2332325367239068 1.119079306616426 0.3744242187798343 0.6532389113380991 0.658917608388001 0.004701782283945331 0.1750931413713582 0.6365760958981328 0.1570460208385288 0.6219600643006145 0.5839699229952924 0.7563810815971046 0.6867504988039111 0.8917497108371645 0.8286681146692044 0.02243250356879137 0.9427032044360919 0.713935115064032 0.2039353167567169 0.003693681481434337 0.8550695200941577 0.07617004481727054 0.3920225936522471 0.04313105271926739 0.7404641854800309 0.6956225163921489 0.003653575169061994 0.03629464862066671 0.4973850896718333 0.3613549042591297 0.584759240806818 0.1686805896794847 0.5591531810716196 0.6777887185397375 0.08482292662896487 0.8350783059741964 0.4254685216216577 0.007877797845112541 0.9743330034769334 0.827684714944985 0.1277606992230576 0.0268537220990354 0.04054122048691376 0.2191093290440126 0.552683052681037 0.02479326221454291 0.1119450818044638 0.6457110299369861 0.4220912393390743 0.528317780036076 0.3809789384163868 1.077603536012604 0.9100467614620046 0.08229350131664791 0.3155447287617833 0.7624663242275332 0.3725695998462696 0.4511813167909464 0.3456706936621802 0.2823002503491781 0.2356786591454573 0.6944133259786268 0.006092381599200358 0.3436697990595025 0.4406305596454271 0.418315597366224 0.4334977180747834 0.07517238735631876 0.06123232176015268 0.1705926368127183 0.6265971704333752 0.1752745266390988 0.7937341691498331 0.8337627937708395 0.3466242473198224 0.4291105111686944 1.173797287752673 0.03359802397394739 0.2444426371726646 0.05788403762648707 0.0001837348507686879 0.7373005558222034 0.02062512557094413 0.8113106888576334 0.5698834968750938 0.204444660587161 0.2087886479843981 0.0502577689143735 0.4675285457525437 0.0001477370096851966 0.3336213786021195 1.261967229648878 0.4286116235206157 1.001929254316146 0.5184064052744245 0.6174006252090959 0.7611653705943214 0.7461967639449072 0.04082146901426979 0.7481026871066365 0.05867571059712644 0.04562363335360645 0.4488112075537316 0.0001018434386452997 0.1338690779755565 0.02263016842182796 0.5217136685461508 0.07796326966443867 0.7629048399890219 0.003705755185461335 0.003868628639925883 0.6008024618716135 0.3698828864198253 0.1482891454823697 0.5586433521684385 0.6869656586821358 0.7390770428867428 0.2739469408063748 0.05522662023156502 0.6087725574046685 0.6245064929218092 0.5471932303592584 0.02207949251014558 0.4189559113012702 3.178775741587759e-05 0.5183008247043149 0.7914481003590843 0.004867019804421468 0.8473640484652394 0.7790652912666174 0.2602373740710902 0.394411520973342 0.004482720484326762 0.3568263536893108 0.1270097021544734 0.3550506277516099 0.7900438863294242 0.454244614456025 0.007282733770528569 1.125641648708889 0.114303217781466 0.720030317530526 1.161269682746304 0.4146660790185006 0.3475017889596876 0.3388004723972466 0.5852752582193431 0.4386682816906953 1.058640710776578 0.7848210477022417 1.159812870968751 0.3297264976636934 0.7874668918535008 0.1571451898190295 0.01571788075044384 0.7931780828384163 0.008105882237550665 0.3146612635873299 0.4420035686420448 0.3806871556339962 0.5841596364166496 0.7409365914831815 0.345329598985465 1.246688162051885 0.691619195365673 0.6846600492546653 0.02314806541499491 0.06962307428090707 1.048223761629674 0.00323686848565249 0.02933118557923878 1.263173283844035 0.4195851699986183 0.5434250699909537 0.4545985282675231 0.2230579772952374 0.2002401742175965 0.05509264011061989 0.0002184403723255399 0.2458796540214674 0.6496055390672334 0.002760972447128561 0.3822050946813211 0.8585206631961309 0.7827644051669771 0.414033188202554 0.2066019078154451 0.007693884081282834 0.7068426431120595 0.009230652682742833 0.7717215031769912 0.0001671981425375885 0.5834770599096014 0.04155347619556064 0.3254879031966484 0.2902037203825248 0.07933635873366886 1.218037536381714 0.2165618946641008 0.08079740917598047


# name: test
# type: scalar struct
# ndims: 2
 1 1
# length: 8
# name: meanError
# type: scalar
0.4139966500205562


# name: result
# type: matrix
# rows: 1
# columns: 298
 0.1383890775434473 0.01610349209668331 0.1372852022294682 0.07151603016404602 0.1793614579161542 0.004654997512515008 0.05941679891277597 0.180170479304543 0.3125686731221642 0.03784877848568441 0.08688948002774037 -0.1191396535262747 0.1088926031622556 -0.0990514659156559 -0.006769687999747757 -0.07968715958058861 0.1202316197280833 0.09333435819252882 0.06882036123923486 0.1195283644273364 0.04137399599862367 0.1128836371667995 0.2825771543589107 0.06613125346093476 -0.0001278247790746946 0.2777739942032889 -0.05025760754035431 0.02900002208136781 -0.02636611052676911 -0.007603506746405003 -0.01205613126602225 -0.02035934827342561 0.03815288759828546 -0.002497102698807022 0.02945714695616933 0.1449035886628268 0.09282348290789869 -0.03315204676948279 0.009716426841754397 0.1183888164828698 -0.02190996342782768 0.287565275217901 0.2499033012439877 0.3003311467775574 0.2870062610207481 0.1099324604769255 0.07136949452326839 0.10385164565893 -0.03359681536438781 0.04330830415787263 0.08775233576888362 0.2001261397397964 0.05829545737597118 0.1300435405337153 0.175368622573919 0.1097383889320451 -0.02843161019453179 0.2389643191586665 0.06391695148794492 0.2043479393530558 0.2102675632954592 0.1246505110337626 0.07967735039961868 0.1273011722721381 -0.01744546312642567 0.1573630601246147 0.09940642346805667 0.01046439522868952 -0.09441831512942772 0.118146279726852 0.08570368265457774 0.00280538507513168 0.09684696568256582 0.306464473354447 0.3186567233837354 0.01371097961573518 0.1201460134862494 -0.095524366791018 0.1338642030337749 0.001584061103875833 -0.02053942538953987 0.2454022965435116 0.1918336886919535 -0.02235931983743181 0.1284106681372656 0.04940140229653708 0.03564281583515572 -0.07170186674204745 0.1282106691282243 0.002074006455933656 0.04822686174498879 0.3067670564272089 -0.004242930866950342 0.006719047585673982 -0.006947217200418188 -0.02938843997292994 0.01927272345597239 0.1598402715138644 0.3062882907972714 0.04674098993176823 -0.1276677802032939 0.1162013008919023 0.1117142074752084 -0.1265047615683448 0.2719586956878827 -0.101606011396357 0.002816548107378232 -0.08862034812596764 0.05399400826115619 -0.105170222367857 0.1135850337811318 0.2762236107247529 -0.1275614033162488 0.073123578424622 0.007147171213783613 -0.06363745438901879 -0.02323700044095791 0.09701520727423349 -0.06547772486141275 0.2872490578409657 0.04755517093298422 0.2603209156827293 -0.1290178615784281 0.06120020544417571 0.2671535864561685 0.04107188516311193 0.001514273386725418 0.220540449199998 0.2991220519516326 0.08779259464462315 0.1114718760412209 0.1236658126882732 0.06801052619215926 0.3066118564197811 0.3050895743605859 -0.005047182508199907 -0.1235535655722581 0.05355229571425922 -0.03013287171266306 0.1039079370136262 0.04086324009245379 0.1698001276039117 0.1115109046849941 -0.009479398063495981 -0.01169794492029151 0.01020712907596128 -0.0176936907659608 -0.02130662633851358 0.07599609487115115 0.1926477240274883 0.1100403048418803 0.1266449095477423 0.307725550350369 0.01730857037110345 0.1960249173739234 0.2591867566575157 -0.005738571881655673 -0.05400936756035499 0.02198210665326155 0.03090771431445187 0.1198615656781004 0.1142977534517978 0.1812689418704999 -0.03288265121345166 0.07207645939452118 -0.1238296565146154 0.1629514625658327 0.07926686988501762 -0.09631096926849243 0.1842159943859366 0.1727737786897807 0.02565934745437004 0.0139448046040539 0.008509805203568923 0.1483228158576294 -0.005338797457421202 -0.08863873991260274 0.1101660189005017 -0.02385403072651724 0.0642944568022502 0.3013161130109437 0.1968709194402861 0.03237659418990048 0.1150084747146279 0.3015657510895073 0.01079960226483362 -0.0008935987896786181 0.0943887795401627 -0.04758683448170195 0.003146690642822287 0.07264485191373522 0.1732008588776466 0.02820223341861365 0.1200948441034284 0.1080742856873183 -0.01377536282658848 0.09581862184960437 0.08086756553616657 0.04212498052649836 -0.04306362863259505 0.03603071974368269 0.114056699051376 0.07028276608151766 0.01024292331970988 0.2260127564726283 0.08537084815843902 0.09894271119611758 0.3085171299229644 0.05229149088353186 -0.05403595198905982 0.0667515009541689 0.2093892046148855 0.311243916356949 0.1015931962193245 0.1650037990224235 0.198009289230129 0.01412232534124684 0.2839085953884632 -0.01071045830874977 0.1196362585835537 0.1014229793167122 -0.07871284317187056 0.197506845283284 0.209520581396478 -0.01874373718025391 -0.07355162069117269 0.3046516880795541 0.3071775518162245 0.04022424798742038 0.1124532008901573 0.07519822306292452 0.06329684889825023 -0.009214510873955915 0.2806431097867256 0.1360572012452403 0.07021818281785223 0.1374372506158895 0.2957641707177484 -0.01613909451536905 0.02687512818363357 0.1688337221701074 -0.00464676164498694 -0.0396853791307715 0.07067740426734094 0.02020974992668641 0.1459959045620739 0.07785253031731966 0.3053319399137259 0.09750317708070948 0.1100501119261233 0.04296754752328682 0.09072178008069565 0.1003466275436325 0.006199308382826651 -0.06383859834570925 0.0487414238438025 0.1919856318009636 0.1340147181805052 -0.01866958821380982 0.05929419885926294 -0.04851846491555677 0.06480812331120316 -0.01001059339330621 0.05299347744209498 0.0905579709908699 -0.06547446521626663 0.1164263996981718 0.05297572174782061 0.003166664876429798 0.07194384343145473 0.197461258920908 0.1115511150118599 -0.05939085732120144 -0.03674810704549748 0.2452120467514233 -0.01740270783580253 0.100721347674478 0.09984164917728765 0.305403492863822 0.1114849327450161 -0.03572857760015071 0.06845337222179886 0.05991102534391213 0.122522023935082 0.1904195278482655 -0.01105591929892028 0.229258803590482 -0.06295716561741925 -0.08623514929097695 0.09335757339824742 0.02388066802344052 0.01987510032626172 0.1928676075043873 -0.1114058212712853 0.1225729588922465 0.01837776675770832 0.163543730100606 0.2294657863092054


# name: diez_good
# type: scalar
1.342281879194631


# name: diez_bad
# type: scalar
98.65771812080537


# name: cinco_good
# type: scalar
1.342281879194631


# name: cinco_bad
# type: scalar
98.65771812080537


# name: uno_good
# type: scalar
0


# name: uno_bad
# type: scalar
100






# name: params
# type: scalar struct
# ndims: 2
 1 1
# length: 22
# name: patterns
# type: scalar
1000


# name: training
# type: scalar
700


# name: test
# type: scalar
298


# name: n
# type: scalar
2


# name: eta
# type: scalar
0.08


# name: alpha
# type: scalar
0.3


# name: arq
# type: matrix
# rows: 1
# columns: 4
 2 9 13 1


# name: maxEpocs
# type: scalar
1000


# name: adaptInc
# type: scalar
0.01


# name: adaptDec
# type: scalar
0.01


# name: adaptStep
# type: scalar
4


# name: adaptM
# type: scalar
700


# name: actFunct
# type: scalar
1


# name: delta
# type: scalar
1


# name: layers
# type: scalar
3


# name: w
# type: cell
# rows: 1
# columns: 3
# name: <cell-element>
# type: matrix
# rows: 9
# columns: 3
 0.3484040727094714 0.329094438205616 0.3461737301145801
 0.02237475691690118 0.2668095405512138 0.1168590484771971
 0.3392455776369996 0.09690637008500183 0.1664271929895592
 0.004492990656452889 0.1308761914461588 0.4360360804469553
 0.1846449268794043 0.3886436035322995 0.2347045604120956
 0.4084483829585228 0.02007439719419176 0.1974013420879572
 0.3265408872186475 0.0244859379676717 0.3494911336495999
 0.1126034272684706 0.07426283736655523 0.2435353498558357
 0.353261886831022 0.329324914265951 0.2687925773624238



# name: <cell-element>
# type: matrix
# rows: 13
# columns: 10
 0.08911366928360939 0.1020297614189335 0.04894846717693199 0.005350861961042919 0.03633698161748913 0.2955611699024516 0.3573883773924862 0.03707535767251165 0.2639246432031869 0.2476341035429025
 0.121505069982267 0.4182112730495481 0.007367843313954426 0.08878095989200072 0.2139083193311989 0.4530221675223202 0.475114386529941 0.3511815963416878 0.4981751650514759 0.1349163296874667
 0.08269427612909211 0.3861925273822686 0.4842981904265785 0.2591657531012377 0.2303244208750828 0.2492327161363253 0.4657398800769907 0.3709029187246092 0.05896845614626175 0.4152044196590299
 0.1587018025814879 0.2969719819529321 0.3008177269662464 0.364736864807664 0.3748039374389146 0.1183211982764603 0.04091305079284243 0.06975901372805562 0.02150678654585033 0.394590444608235
 0.05525281443803017 0.3351327226302186 0.470394602638499 0.1981424237226541 0.4734149648137105 0.1485637833777657 0.3715501663015017 0.07293910091911451 0.1433875772693887 0.4043724184988787
 0.4728765598162983 0.1266272264367887 0.3664945484747864 0.155222858164766 0.3695489757382168 0.1608312500975722 0.4597823981768219 0.4554126638627823 0.3787079859652085 0.3078885320966424
 0.08285019319661532 0.3210840898549314 0.4195640704533257 0.1665972723773392 0.02642164702136365 0.3546965461701294 0.3942541963974524 0.01388295643286638 0.1885974706734323 0.4466810726438657
 0.450768960968202 0.4268122829402196 0.4487805564864749 0.2708357181284015 0.4177514333143874 0.2780276822325193 0.1195379206531787 0.2750228875662045 0.475775699452907 0.1051694089095197
 0.03682017375983689 0.3048054892769319 0.4599059410695872 0.2127199253326964 0.1453269759181776 0.04220528013322402 0.4893145350732217 0.19756876741372 0.02747465151971003 0.1817051262618138
 0.4834677167672707 0.2578074149885193 0.0553335370518225 0.3749632885700365 0.01285168587037785 0.07747563231911661 0.4700838645548708 0.1062842691927734 0.3734312664820031 0.3438507046470634
 0.1969693345576438 0.2744905500091817 0.3660231431687029 0.4933958547579841 0.3561313764839057 0.2024674898193103 0.09393099215729325 0.2450723260805008 0.4471667617023037 0.29105285619927
 0.1482857248604576 0.02986836056138206 0.3960928112109305 0.3710986511886851 0.2701131189407681 0.324340379833546 0.08053462684316445 0.1990161180787996 0.04400024162716173 0.1122587624978003
 0.2199264230993012 0.4702384561673398 0.1993800902967668 0.1648120659104785 0.4044088495136906 0.4535468277511746 0.3493324349001997 0.4869978041533539 0.332964695518815 0.3406821063316978



# name: <cell-element>
# type: matrix
# rows: 1
# columns: 14
 0.07428216548747588 0.4077490293500856 0.392938836116998 0.199449849802859 0.07906970771253 0.417910738695807 0.3583078521410987 0.3571062918629612 0.06585619185715477 0.2896694620143604 0.3638146201579285 0.4655204916851979 0.257198841105994 0.3109680796736512





# name: trainingInput
# type: matrix
# rows: 2
# columns: 700
 0.8461 0.94965 0.794675 0.57345 0.9489 -0.53285 -0.84955 -0.4671 0.887325 0.22295 -0.2395 -0.084275 0.7629 -0.91635 -0.8160500000000001 -0.927675 0.308625 0.533875 -0.5715 -0.0388 0.38085 0.92105 0.850475 -0.9491000000000001 -0.933325 0.007900000000000001 -0.20435 -0.6976 -0.944775 0.5907 -0.70105 -0.84305 -0.027925 -0.94975 -0.90115 0.000325 0.8932 0.94995 0.62425 -0.92735 -0.64325 0.818825 -0.8588249999999999 0.684625 0.947975 -0.776975 0.199975 -0.9498 0.24335 0.6124000000000001 0.399225 -0.60795 0.8068 0.22235 0.2784 0.734325 0.91265 0.915025 -0.924225 -0.75 -0.0538 0.057675 0.4722 0.7726 -0.768225 0.6260250000000001 -0.9339 -0.77095 -0.521825 0.454175 0.902825 0.8270999999999999 -0.945375 0.79075 0.556125 -0.357425 -0.2049 0.2382 -0.937025 0.5072 0.74685 0.9299500000000001 -0.949775 -0.08309999999999999 -0.925025 0.50695 -0.35305 -0.157275 0.9091 0.58955 -0.33115 0.718675 0.805575 -0.9163249999999999 0.904825 0.8809 -0.942825 0.4836 0.931525 0.90425 0.895 -0.706475 0.883275 -0.14895 -0.445275 0.42835 -0.896825 0.941725 0.694025 -0.85485 0.9454 -0.90345 0.84915 -0.885925 -0.884625 -0.7727000000000001 0.296875 0.3731 -0.06419999999999999 0.70525 0.925325 0.868025 -0.70825 0.930775 0.863225 -0.830175 -0.359975 0.588825 -0.88275 -0.317525 0.9167 -0.687275 0.683825 0.806775 -0.174625 -0.945125 0.66855 0.7798 0.67805 -0.94945 0.8204 0.87285 -0.9132 0.9438 0.923175 0.9388 0.0867 0.249075 0.17975 0.355975 -0.38145 0.9457 -0.670075 -0.00225 0.648875 0.216475 0.37485 -0.210275 0.009925 -0.6938 -0.94365 0.5832000000000001 -0.826725 -0.443675 0.28815 -0.170075 0.851225 -0.22735 -0.949925 0.375375 0.8234 0.88675 -0.926975 0.120875 0.003725 0.6247 -0.856325 -0.66135 0.183175 0.266175 0.713975 -0.0197 0.944675 -0.742 -0.41835 -0.941225 0.649075 -0.857125 0.632525 0.240725 -0.017875 -0.619075 -0.894875 0.668825 0.215325 -0.230475 0.160925 -0.05445 0.095775 0.932675 -0.9216 0.9166 0.546575 -0.8091 -0.1182 0.042275 -0.453125 0.850075 0.8128 0.79 -0.640175 -0.014875 -0.78545 -0.875725 0.794 0.9497 -0.8958 -0.161325 -0.033075 0.88855 -0.8597 0.040225 0.949825 -0.94475 0.171425 0.03625 -0.9421 -0.5710499999999999 -0.31805 0.923825 -0.6082 -0.2072 -0.2182 0.8022 -0.1033 -0.18615 0.250775 -0.94115 0.909975 0.7397 0.779875 0.67725 -0.07829999999999999 -0.850425 0.191575 0.69155 -0.40985 -0.796625 -0.143275 -0.9288999999999999 -0.151925 0.522425 0.437825 0.331625 0.0711 0.64625 -0.93965 0.31245 0.94125 -0.4216 0.8200499999999999 -0.582025 0.142825 -0.45705 0.372575 0.2457 -0.5717 -0.273825 -0.768 0.32555 -0.844 -0.136475 -0.7126 -0.3466 -0.26375 0.879225 0.94595 0.779975 -0.637625 0.819075 0.949175 0.949975 -0.949975 0.737125 0.804675 0.3032 -0.94285 -0.869 0.1204 -0.82545 0.865275 -0.29855 0.385725 -0.9029 0.91675 -0.64515 0.08624999999999999 -0.8321499999999999 0.4481 -0.5353 -0.083625 0.163625 0.9074 -0.8702 0.852 -0.244525 0.947875 -0.350675 -0.1856 0.76535 0.564725 -0.878775 0.163225 0.3469 0.4379 -0.793575 0.6555 0.303975 0.072675 0.9203750000000001 -0.87565 -0.08845 -0.433925 -0.387175 -0.12045 0.330575 -0.783775 -0.318075 -0.052375 -0.621475 0.899775 0.6757 0.30385 0.75115 -0.585175 -0.932975 0.8814 -0.237875 -0.647525 -0.761675 -0.766675 0.90805 -0.876425 0.7313499999999999 0.2953 -0.93775 -0.945775 0.8566 -0.08459999999999999 -0.847575 -0.575525 0.92825 -0.70425 0.2821 -0.82335 0.8132 0.877275 -0.89955 0.8349 0.949225 0.759425 0.201975 0.8366 -0.157875 0.91805 -0.9495 0.806225 -0.76745 -0.304875 -0.05405 0.7540249999999999 0.754975 0.908875 -0.07455000000000001 0.9492 0.893875 0.5233 -0.94765 -0.252225 0.237925 0.857725 -0.8150500000000001 -0.785025 -0.269125 0.71835 0.87115 -0.340875 0.93785 -0.279125 -0.93085 -0.436725 0.370175 0.311175 0.947525 0.586825 0.631125 0.642475 0.8539 -0.255525 0.28205 0.842525 -0.845075 -0.51105 -0.828075 0.7802249999999999 -0.879625 -0.7567 0.924 0.493125 0.06325 -0.6612 0.3108 0.5892500000000001 0.323375 -0.926925 0.8227 0.643925 0.70935 0.647 -0.41695 0.94915 -0.814675 0.372275 -0.763725 -0.8898 0.825 0.9479 0.805825 0.5215 0.932025 -0.2903 0.15805 0.864 -0.765 0.29325 0.3735 -0.26455 0.09455 0.817275 0.42125 -0.830525 0.459575 0.781525 -0.64215 0.788 -0.9079 0.892075 0.4043 -0.774425 0.9038 0.88545 0.15075 0.678125 -0.572425 0.939575 0.168175 -0.38615 -0.778975 0.26545 0.8611 0.633375 -0.62985 0.71175 -0.505425 0.749925 -0.79025 0.94575 -0.8607 -0.423125 0.162775 0.24605 0.94225 0.0103 0.09607499999999999 -0.514275 0.216825 -0.87165 -0.323375 -0.156325 0.9359499999999999 -0.949075 0.944275 0.94085 -0.92175 0.5312750000000001 0.852125 -0.266575 0.238625 0.8951249999999999 0.857625 -0.69915 -0.88165 -0.43555 0.84975 -0.674975 -0.11055 0.64695 -0.949275 0.244875 0.1969 -0.74165 -0.905075 -0.22065 -0.949375 0.837375 0.3657 -0.657875 0.82085 0.913425 -0.655575 -0.299525 -0.94925 0.89575 -0.143975 -0.442525 0.301175 0.521575 -0.662775 -0.949275 -0.160325 0.9408 0.8659249999999999 0.37645 0.1348 -0.14115 0.6081 -0.1621 -0.746775 -0.94975 0.6502250000000001 0.82665 -0.910075 -0.61375 0.206775 0.792725 0.280575 0.003875 0.055025 -0.7982 0.801 0.8296249999999999 0.544725 -0.08985 0.45835 0.94895 -0.79065 0.32 -0.867525 -0.94575 -0.937375 -0.256025 -0.592525 0.899125 -0.9482 0.882825 -0.82885 0.40395 0.573775 0.184375 -0.879275 -0.147175 0.772125 -0.7729 0.79945 0.9331 0.46425 0.944475 0.342675 -0.30215 -0.09947499999999999 0.161725 -0.63585 0.489175 -0.48835 -0.831225 0.935175 0.86825 0.773425 0.9146 -0.12085 0.12635 0.137225 0.33555 0.0604 0.849475 -0.944375 0.95 0.002375 0.330275 -0.7973749999999999 0.881825 -0.385075 -0.746825 0.7191 0.819325 0.820475 -0.720625 -0.915125 0.815225 -0.27645 0.94615 -0.8979 -0.904825 0.94015 0.771475 -0.93615 0.566475 0.94985 0.93135 0.749675 0.8498250000000001 0.480875 0.79945 -0.9487 -0.564375 0.8316750000000001 -0.4552 0.2918 0.742325 -0.103375 0.08515 -0.751825 -0.1064 0.7811 0.9033 -0.0492 0.83 -0.537625 -0.42905 -0.9421 0.733525 -0.8771 -0.1467 0.8504 0.909825 0.6718 0.814225 -0.6853 0.93725 -0.8656 0.122575 0.88015 0.9102 0.74995 -0.23985 -0.886175 0.7175 0.874825 -0.30965 -0.83145 0.21 0.809975 -0.796525 -0.130875 0.67165 -0.06265 -0.808125 -0.772525 -0.25045 -0.620125 -0.4923 -0.65935 0.262825 0.496375 0.943925 0.827275 -0.5935 0.5886749999999999 0.09555 -0.706075 -0.61595 0.011575 0.0181 -0.4576 0.842175 -0.709525 -0.712025 0.6839 -0.04405 0.50465 -0.545625 0.860375 0.7581 0.9495 0.3511 0.1765 0.9424 0.94985 0.0764 0.0711 0.302325 0.319375 -0.019225 0.8096 -0.380175 -0.9421 0.492375 -0.942675 -0.9477 0.17005
 0.3108 -0.04405 0.330275 -0.156325 -0.2767 -0.785025 0.648875 0.1204 0.734325 -0.433925 0.32 0.7581 0.480875 0.9479 0.9454 0.9203750000000001 -0.38975 -0.830175 -0.8046 -0.93615 0.94615 -0.0393 0.6247 -0.94365 -0.76905 -0.9491000000000001 0.168175 -0.53645 0.79945 0.93785 0.8739 -0.949075 0.7882 0.8482 -0.2903 0.744 -0.766675 0.69155 0.82665 0.819075 -0.884625 0.749075 0.483775 0.892075 0.216825 -0.9079 0.945875 0.621025 -0.585175 -0.387175 0.5461 -0.774425 0.94645 -0.210275 -0.020075 0.9492 -0.052375 0.857725 -0.885925 -0.41835 0.94225 -0.932975 0.250775 0.464675 0.55975 0.949825 -0.949375 -0.70825 0.9038 0.70575 -0.12045 0.84975 0.794 0.923175 0.8891250000000001 -0.266575 0.33555 -0.161325 0.820475 0.76035 0.948025 0.2457 0.8054750000000001 -0.867525 -0.91595 0.88545 0.91675 0.718675 -0.130475 0.7461 -0.826725 -0.565625 0.262825 0.779975 -0.021425 0.249075 0.8128 -0.033075 0.927875 0.5641 -0.5710499999999999 0.6502 0.17005 -0.7549 -0.685925 0.837375 0.792725 0.815225 0.842175 0.92985 0.223375 0.496375 0.121225 0.71175 0.87695 -0.2072 -0.147175 0.9490499999999999 0.947525 -0.00575 -0.08459999999999999 0.8539 0.647 0.28205 0.6718 0.163625 -0.08715000000000001 -0.22065 0.94965 -0.637625 -0.143925 -0.4054 0.944275 0.243325 -0.894875 0.805575 0.8747 0.94915 0.94995 0.851225 0.051525 -0.8160500000000001 0.631125 -0.22735 0.43055 0.09555 -0.746775 -0.357425 -0.40985 -0.94765 0.011575 0.372275 -0.879275 -0.92175 0.91265 -0.5715 -0.94285 0.37965 -0.9238499999999999 0.8165 0.788 0.7811 0.15075 0.818825 -0.26375 -0.706075 0.0764 -0.5353 -0.0197 -0.14635 0.67805 0.70935 0.90805 -0.0538 0.649075 0.898 -0.9216 -0.793575 -0.62985 0.903425 0.9388 -0.387975 0.24335 0.733525 -0.3048 -0.9373 -0.94995 -0.657875 0.949225 -0.592525 -0.94685 0.2055 -0.640175 0.521575 0.7540249999999999 -0.510825 -0.670075 0.2382 0.87285 0.135125 0.904825 0.09455 -0.8898 0.933775 -0.9477 -0.304875 0.857625 0.339925 0.244875 0.5312750000000001 -0.017875 -0.9339 0.632525 0.055025 0.303975 0.308625 -0.91975 0.491275 0.0711 0.46425 -0.808125 -0.184125 -0.27645 -0.944775 0.949225 -0.886175 0.6456 0.5215 0.6124000000000001 0.9331 -0.896825 -0.905075 0.586825 0.26075 -0.084275 0.31245 0.9033 -0.9482 -0.0492 0.737125 0.850475 0.925175 -0.88005 0.817275 -0.64325 0.850075 -0.20435 0.566475 0.120875 -0.04645 -0.10285 0.9074 0.93725 0.2953 -0.79025 0.94125 -0.937375 -0.796525 -0.170075 0.6244 0.8504 -0.879625 -0.8875 0.923825 -0.157875 -0.53285 0.69325 0.3657 -0.356325 -0.083625 0.5886749999999999 -0.768 0.887325 -0.9085 -0.06265 0.009925 -0.255775 0.453725 0.7207 0.2784 0.2918 0.720925 -0.95 0.804675 0.633375 -0.892675 -0.0118 0.888475 -0.926925 0.9299500000000001 -0.910075 0.37485 0.94015 -0.174625 0.76585 -0.92315 -0.6612 0.65305 0.42835 0.749925 0.459575 -0.157275 -0.48835 0.87115 -0.6214499999999999 -0.6853 0.881825 0.9146 0.546575 0.63715 -0.692275 0.754975 0.8611 0.492375 0.3414 0.949175 0.2821 0.171425 0.12635 -0.103375 0.7887999999999999 -0.924225 -0.443675 -0.91145 -0.881975 -0.592525 0.54405 -0.679825 -0.93965 0.800475 0.183175 0.946325 0.3786 0.8814 -0.87565 -0.920425 0.4379 -0.8502999999999999 0.93135 0.21 0.92825 -0.05405 0.8659249999999999 0.94575 0.865275 0.742325 0.9489 -0.65935 -0.89955 -0.927675 0.947875 0.45835 0.4481 0.57345 -0.942975 0.90425 0.5832000000000001 -0.854325 0.1841 -0.25045 0.944675 -0.252225 -0.82545 0.01885 -0.3755 0.9271 -0.282 -0.318075 0.6496 -0.941225 -0.869 0.64625 0.71835 0.7175 0.13305 0.28815 -0.687275 -0.06525 0.3032 -0.1781 0.8951249999999999 -0.945775 0.860375 0.355975 0.932675 0.296875 0.908875 -0.359975 -0.323375 0.781525 -0.536375 -0.009299999999999999 0.122575 -0.08985 -0.7567 0.84915 -0.8656 0.8270999999999999 -0.45705 -0.41605 -0.392925 -0.33115 0.915375 -0.436075 0.454175 0.773425 0.08624999999999999 -0.6723 -0.7727000000000001 0.59555 -0.7126 0.000325 -0.9132 0.8366 -0.844 0.184375 0.83 0.94085 0.909975 -0.6938 0.301175 0.930775 -0.143975 -0.85485 0.423725 0.89575 -0.16435 0.244175 0.215325 -0.0388 -0.9423 -0.4923 -0.655575 -0.237875 -0.14115 -0.828075 -0.778975 -0.865775 0.5461 0.480875 0.522425 -0.875725 0.399225 0.759425 0.331625 0.94895 0.160925 0.0181 0.9457 0.94995 -0.4671 -0.2182 -0.8321499999999999 0.90935 0.92875 -0.44715 0.3496 0.079625 -0.18615 -0.926975 0.9438 -0.8511 0.7397 -0.2411 0.79905 -0.91635 0.1348 -0.768225 -0.269125 -0.273825 0.913425 -0.14895 0.9424 -0.84305 0.03625 -0.6701 -0.41695 0.877275 -0.6664 0.935175 0.9398 -0.039675 0.0702 -0.94945 0.849475 0.0711 0.564725 -0.573975 0.713975 0.847225 -0.938975 0.1969 0.939575 0.749675 0.882825 -0.07455000000000001 0.896325 0.8227 -0.12325 0.163225 0.93915 -0.5749 -0.845075 0.8296249999999999 -0.564375 -0.949925 0.191575 0.9408 -0.945375 0.67825 -0.09625 0.437825 0.62425 0.072675 0.931525 -0.413425 0.94985 0.370175 0.806775 0.162775 0.4722 0.29325 0.261325 -0.847575 0.3735 0.80455 -0.933325 -0.88275 0.902825 0.938975 0.17975 0.92105 -0.272 -0.8597 0.476175 -0.83145 0.8017 -0.38615 0.94635 0.94945 0.15805 0.47465 -0.8607 0.24605 -0.136475 0.379975 -0.8979 -0.7973749999999999 -0.39845 0.794675 -0.720625 -0.9498 0.58955 0.81355 0.825 0.484425 -0.6082 -0.286375 -0.380175 0.9166 0.339525 0.8234 0.807125 0.267475 0.7798 0.408425 0.240725 0.323375 -0.94575 0.6592249999999999 0.8316750000000001 0.4043 0.5072 0.280575 0.684625 0.801 -0.019225 0.5907 0.755525 -0.130875 0.67165 -0.937775 -0.87165 -0.06419999999999999 -0.256025 0.920425 0.923125 -0.94115 0.266175 0.6260250000000001 0.905675 0.573775 0.42125 -0.1621 -0.317525 0.237925 0.26545 -0.3466 0.948 -0.350675 -0.904825 -0.380025 0.809975 -0.891375 -0.786525 -0.942825 0.91805 -0.621475 0.782425 0.9362 0.913625 0.806225 0.286475 0.88015 0.302325 -0.944375 -0.647525 -0.445275 0.50695 -0.881325 0.924 -0.9495 0.642475 0.19655 -0.949275 -0.942675 0.24025 0.057675 -0.151925 -0.945125 0.932975 0.62465 -0.76745 0.7313499999999999 0.332025 0.932025 0.311175 0.3511 -0.7982 0.64695 0.934025 -0.0306 -0.64215 -0.1336 -0.687825 -0.94975 -0.78545 -0.244525 -0.44545 -0.70425 -0.2395 0.390875 -0.712025 0.819325 -0.878775 0.184625 0.67725 0.75115 -0.442525 -0.8091 -0.4216 0.66855 -0.027925 0.943925 -0.674975 -0.1182 -0.9421 0.94985 -0.8958 -0.00225 -0.279125 -0.514275 0.533875 -0.70105 0.37645 -0.9487 0.58395 -0.796625 -0.917475 0.3731 0.137225 0.6132 -0.662775 0.249225 0.003725 -0.086275 -0.38145 -0.408675 -0.776975 0.5233 -0.5935 0.199975 -0.9374749999999999 0.863225 -0.11055 0.9167 0.385725 -0.9409 -0.8771 -0.620125


# name: trainingExpected
# type: matrix
# rows: 1
# columns: 700
 0.000325 -0.917475 0.266175 -0.6664 -0.35305 0.860375 0.91265 -0.926925 0.9492 -0.443675 -0.8979 -0.662775 0.806225 -0.16435 0.223375 -0.103375 -0.576375 0.163625 0.88855 -0.942825 -0.904825 -0.9421 0.898 0.788 0.319375 -0.94365 -0.44715 0.330575 0.286475 -0.359975 0.79075 0.9398 -0.730425 0.0867 -0.9423 -0.873575 0.92825 0.850075 0.17975 0.2784 0.87695 0.909825 0.895 0.160925 -0.6701 0.94895 -0.8702 0.7993 -0.87565 -0.91145 0.38085 0.9457 0.40585 0.37965 0.771475 0.13305 -0.93965 0.8951249999999999 0.71175 -0.3048 -0.14895 -0.920425 0.9033 0.74995 0.874825 -0.27645 0.8296249999999999 0.647 0.94995 -0.006 -0.881975 0.749675 0.303975 0.43055 -0.30965 0.564725 -0.87165 0.491275 0.237925 -0.01195 0.18435 -0.53285 0.24625 -0.7973749999999999 0.7802249999999999 -0.4671 0.76585 -0.565625 -0.857125 0.3469 0.15075 -0.138175 -0.027925 0.453725 -0.949975 -0.357425 0.244875 0.0711 0.8068 0.668825 0.5215 0.9115 -0.620125 -0.26455 0.878 -0.564375 0.476175 0.948 0.37645 0.13665 -0.64515 0.943925 -0.66135 0.7397 0.22295 -0.905075 0.339525 -0.9163249999999999 -0.08985 -0.61375 -0.89955 0.8270999999999999 0.909975 -0.41605 0.932025 -0.157275 -0.08665 -0.845075 -0.04405 0.7207 -0.8195750000000001 -0.12085 -0.039675 -0.1064 -0.640175 0.262825 0.1657 0.301175 -0.08309999999999999 0.0764 -0.763725 0.9454 0.84915 -0.5353 0.161725 -0.8958 -0.88275 -0.266575 -0.20435 -0.06525 -0.514275 -0.143975 0.9166 -0.94945 -0.052375 -0.8046 -0.0118 -0.9288999999999999 -0.94975 0.899125 0.331625 0.19655 -0.2182 0.749075 -0.06265 -0.00225 -0.776975 0.749925 -0.387975 0.051925 0.94995 0.94085 -0.05405 0.94225 -0.94995 -0.08845 0.904825 0.949175 -0.8511 -0.949775 0.09555 0.588825 -0.585175 0.932975 0.493125 0.79125 0.852125 0.191575 -0.25045 -0.882425 -0.95 -0.709525 -0.017875 0.94985 -0.869 0.8096 -0.879275 -0.161325 -0.8160500000000001 -0.82335 -0.021425 -0.865775 0.423725 0.291325 -0.8771 0.6496 0.847225 0.095775 -0.12325 0.849475 -0.94685 -0.949375 0.949225 -0.38615 0.171425 -0.38975 0.844825 -0.94925 0.5233 0.408425 0.67725 0.899775 -0.350675 0.79945 -0.814675 -0.94975 0.7629 0.215325 -0.387175 0.7798 0.792725 -0.5749 -0.7567 -0.023 0.7581 -0.796525 -0.949275 0.81355 -0.942675 0.804675 0.6247 0.007900000000000001 -0.831225 0.5461 -0.884625 0.339925 0.168175 0.91805 -0.0538 -0.545625 0.6839 -0.48835 -0.7982 0.865275 -0.91635 -0.170075 0.794675 -0.712025 -0.706075 0.040225 0.7313499999999999 0.773425 -0.871675 0.9331 0.01885 -0.785025 0.7548 -0.949925 -0.572425 0.459575 0.94985 -0.356325 0.734325 -0.1006 0.184625 -0.9238499999999999 -0.43555 0.70525 0.913225 -0.020075 -0.445275 0.893875 0.79945 0.633375 0.9438 -0.4552 -0.385075 0.238125 -0.844 0.2457 0.92105 -0.94285 -0.891375 -0.894875 0.9495 0.814225 -0.7126 0.925325 0.837375 0.79905 -0.875725 0.718675 0.280575 0.296875 0.544725 0.3511 0.905675 0.755525 -0.8898 0.9484 -0.23985 0.64625 -0.926975 0.385725 0.933825 0.2918 0.57345 0.949225 0.67165 -0.881325 0.556125 -0.885925 0.818825 0.042275 -0.746825 -0.9498 0.8746 0.6081 -0.937375 0.9497 -0.62985 -0.07829999999999999 0.6127 0.4379 0.7887999999999999 0.7726 0.3414 -0.288125 0.782425 -0.2395 0.45835 -0.941225 0.29325 0.1348 -0.910075 0.50695 -0.2767 0.66855 -0.854325 0.9203750000000001 0.881825 0.24605 0.42835 -0.156325 0.94595 0.5641 0.7811 0.694025 -0.423125 -0.442525 0.24335 0.3032 0.9299500000000001 0.27455 -0.1033 -0.21035 -0.761675 -0.679825 -0.30215 -0.9373 0.888475 0.94125 0.932675 -0.78545 -0.856325 -0.26375 -0.4054 -0.5458 -0.892675 0.436525 0.713975 0.9489 0.6132 -0.94765 0.135125 -0.147175 0.71835 -0.08715000000000001 0.877275 0.399225 0.9359499999999999 0.5548 0.934025 -0.8607 0.08624999999999999 0.121225 0.64695 0.84975 0.923825 -0.575525 -0.31805 -0.826725 0.949975 -0.51105 0.70575 0.5907 -0.6612 0.847525 -0.2072 -0.8588249999999999 0.887325 0.744 0.631125 -0.82545 0.5886749999999999 -0.380175 0.24025 0.0702 -0.0492 0.8165 -0.413425 0.28205 0.072675 0.92985 0.852 0.62425 -0.7036750000000001 -0.09947499999999999 0.7540249999999999 -0.93615 -0.42725 -0.4216 0.67825 -0.8502999999999999 0.3735 -0.436075 0.079625 -0.9421 0.827275 0.6555 0.9074 0.055025 0.5461 0.944675 0.2953 -0.136475 -0.670075 0.533875 0.372275 0.69155 0.1204 0.586825 0.65305 0.928175 0.82085 -0.29855 -0.88495 -0.617225 0.31245 0.90805 -0.22735 0.903475 0.737125 -0.05445 0.683825 0.9479 -0.847575 0.55975 0.355975 0.3657 -0.945375 -0.7549 -0.38145 -0.949075 -0.886175 -0.93715 -0.6938 0.5832000000000001 0.09607499999999999 0.801 -0.255525 -0.9264 -0.925025 0.851225 -0.256025 -0.79025 -0.692275 -0.850425 0.9388 0.8200499999999999 0.879225 0.163225 0.92875 0.9362 0.825 0.7175 0.002375 0.184375 0.5892500000000001 0.8611 0.50465 -0.299525 -0.33115 0.15805 0.302325 -0.0197 -0.64325 0.4722 0.794 0.883275 0.1765 0.93725 0.82665 0.12635 0.927875 -0.624175 -0.621475 -0.009299999999999999 0.243325 -0.273825 0.250775 -0.14115 0.944225 -0.927675 -0.828075 0.201975 -0.76905 0.94965 -0.12045 -0.1467 -0.40985 -0.0393 -0.340875 -0.808125 0.729375 -0.70425 -0.7729 0.3496 0.2853 0.375375 -0.4923 0.9102 -0.768225 0.913425 -0.768 0.489175 -0.380025 0.6260250000000001 -0.88165 0.330275 0.26545 0.621025 0.7461 0.22235 0.89575 0.851575 -0.896825 -0.915125 -0.11055 0.09455 -0.77095 0.67805 0.779875 0.012975 0.94915 0.8932 -0.592525 0.8366 -0.39845 -0.84955 -0.944375 0.0181 0.76035 -0.83145 0.892075 0.94945 -0.9374749999999999 0.93785 0.947975 0.819325 -0.878775 -0.79065 -0.41695 0.947525 -0.720625 -0.166325 0.8498250000000001 -0.9482 0.903425 0.949825 0.74685 -0.286375 0.480875 -0.933325 -0.637625 -0.1781 -0.18615 -0.9085 0.429275 0.9146 0.809975 -0.834025 0.390875 0.8461 0.772125 0.8128 -0.3755 0.800475 0.9497 0.238625 0.643925 -0.282 0.08515 -0.0306 -0.5935 0.920425 0.93135 -0.685925 0.88545 -0.783775 -0.6723 0.9271 -0.8656 -0.1856 0.806775 -0.9409 -0.2049 -0.932975 -0.10285 0.805575 0.1908 0.9091 -0.318075 0.94575 -0.160325 -0.0388 0.122575 0.003725 0.94635 0.896325 -0.74165 -0.9477 0.759425 -0.9349499999999999 0.32555 0.902825 0.632525 -0.6853 0.94965 0.4481 0.32 0.426225 0.58395 -0.317525 0.754975 0.0103 0.925175 0.8814 0.931525 0.933775 0.6244 0.8747 0.7882 -0.674975 0.882825 -0.9477 0.6456 -0.408675 -0.91975 -0.92175 -0.323375 0.03625 -0.830175 0.8739 0.261325 0.88015 0.8204 0.566475 -0.92735 0.9490499999999999 -0.937775 0.86825 0.370175 -0.582025 0.649075 0.842525 0.011575 0.142825 -0.9079 -0.687275 -0.9421 0.945875 -0.949275 0.6718 -0.07455000000000001 -0.143925 0.94015 0.79575 0.62465 -0.8091


# name: testInput
# type: matrix
# rows: 2
# columns: 298
 -0.5749 0.79575 0.47465 -0.6701 -0.8502999999999999 -0.0122 0.286475 -0.88495 -0.938975 -0.39845 -0.2767 0.949225 -0.392925 0.77625 -0.1336 0.436525 0.55975 0.5641 -0.300825 -0.44715 0.243325 0.65305 -0.6723 0.878 0.248675 -0.5377 0.339525 0.40585 0.2055 0.2853 0.051525 -0.0429 0.19655 0.844825 0.24025 0.408425 -0.08715000000000001 0.0702 0.948 0.464675 0.92985 -0.786525 -0.944025 -0.8046 -0.685925 -0.917475 0.847225 0.67825 0.13305 -0.0118 -0.272 -0.6664 0.927875 -0.937775 -0.9423 0.58395 0.18435 -0.76905 0.8739 -0.08665 -0.53645 -0.9349499999999999 0.847525 -0.881975 0.8482 -0.565625 0.76585 0.1841 0.6592249999999999 0.63715 0.8165 0.9497 0.749075 -0.873575 -0.942975 -0.006 0.426225 0.802775 -0.3755 0.80455 -0.0393 -0.6214499999999999 -0.020075 -0.0306 0.484425 0.26075 -0.282 0.37965 -0.09625 -0.130475 0.43055 -0.949075 -0.01195 0.8054750000000001 0.94635 0.13665 -0.288125 0.3414 -0.8511 0.7887999999999999 0.9490499999999999 0.5461 -0.9477 0.903425 -0.730425 0.8017 0.81355 0.5548 0.905675 0.744 0.3786 -0.536375 0.933825 -0.255775 0.94645 0.3496 0.1908 0.782425 0.8891250000000001 -0.854325 0.27455 -0.510825 0.944225 0.79905 -0.44545 -0.380025 0.079625 -0.387975 -0.882425 0.390875 -0.94685 0.01885 -0.573975 -0.95 -0.891375 0.888475 0.945875 0.2689 0.135125 0.480875 -0.21035 -0.408675 0.6132 0.121225 0.8747 0.6127 0.76035 0.223375 0.90935 -0.02175 -0.617225 -0.3614 -0.91975 -0.286375 -0.023 -0.679825 0.903475 0.920425 0.332025 -0.06525 0.2249 0.453725 0.2013 0.896325 0.807125 0.9430500000000001 -0.692275 -0.41605 0.7882 -0.12325 0.261325 -0.16435 -0.00575 -0.143925 -0.8195750000000001 0.87695 0.59555 -0.9374749999999999 -0.021425 0.923125 -0.920425 -0.5458 -0.138175 0.62465 -0.91595 -0.1006 0.291325 0.800475 0.946325 0.238125 -0.413425 -0.1781 -0.04645 -0.2411 -0.9238499999999999 0.729375 -0.421575 -0.394475 0.244175 0.898 0.429275 0.476175 0.313725 0.7993 -0.91145 0.69325 0.720925 -0.93715 0.928175 0.938975 -0.592525 -0.9085 -0.94995 0.621025 -0.892675 -0.3048 0.21185 -0.624175 0.913225 -0.14635 0.7207 0.7983749999999999 0.019 -0.086275 0.948025 0.851575 -0.9373 -0.95 0.913625 -0.8875 -0.38975 0.7548 0.1657 -0.576375 -0.4054 0.8973 0.423725 -0.871675 0.932975 0.7461 -0.7549 0.933775 0.9115 -0.356325 0.79125 -0.01975 0.915375 -0.92315 0.379975 -0.9264 0.24625 0.005 -0.865775 0.6244 0.9484 -0.42725 -0.7036750000000001 0.483775 -0.039675 0.5461 0.94995 0.184625 0.70575 0.267475 -0.436075 0.9398 -0.88005 0.339925 0.94945 0.94965 0.012975 0.6502 0.9271 0.6496 -0.834025 0.249225 0.755525 0.758525 -0.9409 -0.77145 0.925175 0.935375 0.92875 0.54405 -0.09042500000000001 0.9362 -0.184125 0.8746 0.491275 0.6456 -0.3213 0.93915 -0.10285 0.934025 -0.881325 -0.166325 -0.009299999999999999 -0.687825
 -0.299525 0.313725 0.9102 -0.93715 -0.288125 -0.6976 0.08515 -0.3213 0.879225 -0.88165 -0.35305 -0.814675 -0.31805 -0.772525 -0.9349499999999999 -0.944025 0.874825 0.668825 -0.521825 -0.29855 -0.1064 0.925325 0.847525 0.8132 -0.436725 0.95 -0.77095 -0.01975 -0.709525 -0.4576 -0.763725 -0.94475 -0.1856 0.21185 -0.2049 0.8932 -0.08665 -0.925025 0.429275 0.74995 0.13665 0.772125 0.2249 0.88855 0.878 -0.92735 0.8200499999999999 0.883275 -0.856325 -0.385075 -0.340875 0.09607499999999999 0.8068 -0.79065 -0.42725 0.8204 -0.751825 0.319375 0.79075 0.7983749999999999 0.330575 -0.830525 0.88675 -0.746825 0.0867 -0.138175 0.9495 -0.423125 -0.84955 0.9484 0.899125 0.372575 0.909825 0.8809 0.94595 -0.61595 0.7191 -0.706475 -0.1033 0.201975 -0.9421 0.544725 0.771475 -0.9477 0.851575 -0.023 -0.761675 -0.9288999999999999 0.1765 -0.857125 0.161725 0.8022 -0.77145 0.24625 0.2853 -0.8150500000000001 -0.90115 0.933825 0.903475 0.556125 -0.9163249999999999 0.827275 -0.949075 -0.949775 0.6757 -0.7729 0.22235 -0.90345 0.74685 -0.873575 0.6127 0.9359499999999999 -0.93085 -0.43555 0.40585 -0.88495 -0.69915 0.9497 -0.30965 0.694025 -0.02175 0.8096 -0.93775 0.683825 0.94965 -0.834025 -0.617225 0.588825 0.79 0.426225 -0.95 0.27455 -0.850425 0.79945 0.8461 0.238125 -0.8702 0.019 -0.82335 0.6555 -0.63585 0.142825 0.86825 -0.66135 0.1657 0.0604 -0.01195 -0.64515 0.928175 0.77625 -0.5717 -0.143275 0.844825 -0.915125 0.802775 0.6081 0.248675 -0.166325 -0.160325 -0.5458 0.4836 0.70525 0.9430500000000001 0.002375 0.779875 -0.876425 -0.23985 -0.575525 -0.730425 0.5892500000000001 0.944225 -0.7036750000000001 -0.61375 -0.8195750000000001 -0.505425 0.22295 -0.8588249999999999 -0.949275 -0.949975 0.8498250000000001 0.7726 0.206775 -0.619075 0.9091 0.7802249999999999 -0.75 -0.394475 0.9497 -0.07829999999999999 -0.421575 -0.624175 0.436525 -0.545625 -0.05445 -0.94975 -0.0122 -0.453125 -0.5377 -0.09947499999999999 -0.08845 0.06325 0.729375 0.2013 0.2689 0.042275 0.7548 0.893875 0.8349 0.758525 -0.1467 -0.882425 -0.1006 0.852125 0.7993 -0.4552 0.493125 -0.3614 0.915025 0.216475 0.051925 0.913225 -0.537625 0.864 0.842525 0.18435 -0.42905 0.79125 0.805825 0.643925 -0.871675 -0.576375 0.6502250000000001 -0.60795 0.935375 -0.12085 0.868025 0.852 0.76535 0.1908 0.3469 -0.26455 0.291325 -0.0429 -0.572425 0.342675 0.40395 0.949975 0.814225 0.489175 -0.937025 -0.09042500000000001 0.003875 -0.9421 0.040225 -0.230475 -0.82885 -0.014875 0.895 -0.9264 0.38085 -0.08309999999999999 0.0103 -0.006 0.012975 -0.51105 -0.255525 -0.831225 0.095775 0.375375 0.941725 0.8566 0.9115 -0.21035 -0.30215 0.30385 -0.582025 0.947975 0.944475 0.79575 -0.742 0.007900000000000001 0.8973 0.82085 0.8746 0.678125 0.238625 0.899775 -0.300825 -0.94925 0.7629 -0.9029 0.50465 0.6839 -0.74165 -0.783775 -0.765 0.5548 0.32555


# name: testExpected
# type: matrix
# rows: 1
# columns: 298
 -0.09625 0.2013 -0.64215 0.8349 -0.90115 -0.53645 0.924 -0.9029 0.009925 0.1969 0.91675 0.930775 0.6124000000000001 0.75115 -0.830525 0.2249 -0.244525 0.521575 0.9038 0.37485 0.642475 -0.08459999999999999 0.88675 0.90425 -0.536375 0.923125 -0.70825 0.40395 -0.9487 -0.70105 -0.85485 -0.944775 0.546575 -0.3614 0.33555 -0.766675 0.7983749999999999 -0.91595 0.06325 -0.1336 -0.8150500000000001 0.8234 0.4836 0.46425 0.8132 0.819075 0.8504 0.17005 -0.9216 0.573775 0.908875 -0.84305 0.94645 0.379975 -0.82885 0.051525 -0.9495 0.199975 0.923175 -0.537625 -0.592525 0.522425 0.70935 0.42125 -0.746775 -0.619075 0.249225 -0.269125 0.648875 -0.230475 0.58955 -0.157875 0.332025 0.249075 -0.255775 -0.279125 -0.1621 0.6502 -0.084275 -0.252225 -0.945125 0.47465 -0.786525 -0.949075 -0.42905 0.802775 0.21 -0.04645 -0.086275 -0.657875 0.8316750000000001 0.26075 -0.742 -0.09042500000000001 -0.4576 -0.945775 -0.2903 -0.93085 0.248675 0.8891250000000001 0.779975 -0.1182 0.8022 0.8054750000000001 0.946325 0.807125 -0.210275 0.496375 0.948025 0.8809 0.0604 0.935175 0.781525 0.939575 -0.01975 -0.3213 -0.938975 0.308625 -0.44545 0.842175 0.77625 0.863225 0.742325 0.944275 0.941725 0.30385 -0.5717 -0.22065 0.5312750000000001 0.7191 0.805825 -0.02175 0.817275 0.267475 0.3108 -0.421575 0.87115 0.864 -0.942975 0.2821 0.4043 -0.8875 -0.019225 -0.793575 -0.60795 -0.06419999999999999 -0.77145 -0.92315 0.758525 -0.772525 0.69325 0.120875 0.21185 -0.3466 -0.706475 0.80455 -0.436725 -0.765 0.162775 0.206775 -0.033075 -0.00575 -0.876425 -0.94115 0.850475 0.8659249999999999 -0.687825 0.947875 0.6757 -0.9132 -0.93775 -0.014875 -0.272 -0.505425 -0.2411 -0.433925 0.483775 0.8227 -0.95 0.913625 0.464675 -0.8597 0.2055 -0.130475 0.454175 -0.41835 -0.5377 0.372575 -0.88005 -0.453125 0.915025 -0.944025 0.137225 0.2382 0.8482 -0.6976 0.857625 0.95 0.6592249999999999 -0.924225 0.59555 -0.0122 0.9430500000000001 0.019 -0.304875 0.6502250000000001 0.28815 0.1841 0.944475 -0.76745 0.79 -0.75 0.0711 0.2689 -0.647525 -0.7727000000000001 -0.143275 0.857725 -0.5715 0.19515 0.216475 0.057675 -0.655575 -0.392925 -0.751825 -0.151925 0.342675 0.244175 0.83 0.76535 0.935375 0.938975 -0.774425 0.8973 -0.130875 0.8539 -0.6214499999999999 0.63715 -0.69915 0.492375 -0.778975 -0.394475 -0.94475 0.90935 0.323375 -0.6082 0.720925 0.311175 0.5072 0.820475 0.678125 0.8017 0.9167 -0.184125 -0.510825 0.484425 -0.9339 -0.5710499999999999 -0.937025 0.94615 -0.867525 0.9424 -0.61595 0.8566 0.915375 -0.45705 0.684625 0.87285 -0.14635 0.815225 -0.65935 -0.0429 -0.63585 -0.94575 0.3786 -0.879625 0.216825 0.240725 0.313725 0.733525 -0.9491000000000001 0.868025 0.9408 -0.300825 -0.8321499999999999 -0.573975 0.183175 -0.521825 0.437825 0.480875 -0.174625 0.3731 -0.796625 0.93915 0.54405 -0.237875 -0.90345 -0.083625


# name: g
# type: function handle
@<anonymous>
@(x) tanh (x)


# name: gp
# type: function handle
@<anonymous>
@(x) (sech (x) .^ 2)






